2;152;1;aus2;Nheghauſẜchi;safe;u;;12;21521aus2Nheghauſẜchi;21Nheghauſẜchi;x;x;ihcẜſuahgehN
3;211;12;aus2;pa⸗baͤhghuſſchi;safe;l;;15;321112aus2pa⸗baͤhghuſſchi;312pa⸗baͤhghuſſchi;x;x;ihcſſuhghͤab⸗ap
2;99;7;peri;ſtradajuſẜchi;safe;l;;13;2997periſtradajuſẜchi;27ſtradajuſẜchi;x;x;ihcẜſujadartſ
2;68;19;aus2;ſtrahdajuſẜchi;safe;l;;14;26819aus2ſtrahdajuſẜchi;219ſtrahdajuſẜchi;x;x;ihcẜſujadhartſ
2;238;17;aus1;apkaitenajuſẜchi;safe;l;;16;223817aus1apkaitenajuſẜchi;217apkaitenajuſẜchi;x;x;ihcẜſujanetiakpa
1;15;16;aus2;pawehlejuſſchi;safe;l;;14;11516aus2pawehlejuſſchi;116pawehlejuſſchi;x;x;ihcſſujelhewap
1;15;14;aus2;redſejuſſchi;safe;l;;12;11514aus2redſejuſſchi;114redſejuſſchi;x;x;ihcſſujeſder
1;15;15;aus2;titʒejuſẜchi;safe;l;;12;11515aus2titʒejuſẜchi;115titʒejuſẜchi;x;x;ihcẜſujeʒtit
1;515;2;peri;bijuſẜchi;safe;l;;9;15152peribijuſẜchi;12bijuſẜchi;x;x;ihcẜſujib
1;170;22;peri;bijuſẜchi;safe;l;;9;117022peribijuſẜchi;122bijuſẜchi;x;x;ihcẜſujib
2;99;7;peri;dabbujuſẜchi;safe;l;;12;2997peridabbujuſẜchi;27dabbujuſẜchi;x;x;ihcẜſujubbad
1;462;14;peri;noſkummuſẜchi;safe;l;;13;146214perinoſkummuſẜchi;114noſkummuſẜchi;x;x;ihcẜſummukſon
2;153;13;aus2;pahrkapuſẜchi;safe;l;;13;215313aus2pahrkapuſẜchi;213pahrkapuſẜchi;x;x;ihcẜſupakrhap
2;98;20;peri;ißkahpuſẜchi;safe;l;;12;29820periißkahpuſẜchi;220ißkahpuſẜchi;x;x;ihcẜſuphakßi
1;170;23;peri;ʒeetuſẜchi;safe;l;;10;117023periʒeetuſẜchi;123ʒeetuſẜchi;x;x;ihcẜſuteeʒ
3;89;13;aus2;nodaͤwuſſchi;safe;l;;12;38913aus2nodaͤwuſſchi;313nodaͤwuſſchi;x;x;ihcſſuwͤadon
3;81;7;peri;nodaͤwuſſchi;safe;l;;12;3817perinodaͤwuſſchi;37nodaͤwuſſchi;x;x;ihcſſuwͤadon
3;80;15;peri;nodaͤwuſſchi;safe;l;;12;38015perinodaͤwuſſchi;315nodaͤwuſſchi;x;x;ihcſſuwͤadon
1;551;12;aus2;kļu⸗uẜchi;safe;l;;9;155112aus2kļu⸗uẜchi;112kļu⸗uẜchi;x;x;ihcẜu⸗uļk
2;202;18;aus2;ghauẜchi;safe;l;;8;220218aus2ghauẜchi;218ghauẜchi;x;x;ihcẜuahg
2;184;7;aus2;apghehrbuẜchi;safe;l;;13;21847aus2apghehrbuẜchi;27apghehrbuẜchi;x;x;ihcẜubrhehgpa
1;271;10;aus2;iß⸗urrbuẜchi;safe;l;;12;127110aus2iß⸗urrbuẜchi;110iß⸗urrbuẜchi;x;x;ihcẜubrru⸗ßi
2;68;20;aus2;duẜchi;safe;l;;6;26820aus2duẜchi;220duẜchi;x;x;ihcẜud
1;51;11;aus1;duẜchi;safe;l;;6;15111aus1duẜchi;111duẜchi;x;x;ihcẜud
1;114;25;aus1;attraduẜchi;safe;l;;11;111425aus1attraduẜchi;125attraduẜchi;x;x;ihcẜudartta
1;419;15;peri;radduẜchi;safe;l;;9;141915periradduẜchi;115radduẜchi;x;x;ihcẜuddar
1;144;18;aus2;att⸗radduẜchi;safe;l;;13;114418aus2att⸗radduẜchi;118att⸗radduẜchi;x;x;ihcẜuddar⸗tta
3;194;23;peri;eeradduſchi;safe;l;;11;319423perieeradduſchi;323eeradduſchi;x;x;ihcſuddaree
1;142;6;peri;eeradduſchi;safe;l;;11;11426perieeradduſchi;16eeradduſchi;x;x;ihcſuddaree
3;88;25;aus2;attradduẜchi;safe;l;;12;38825aus2attradduẜchi;325attradduẜchi;x;x;ihcẜuddartta
3;15;7;aus2;attradduẜchi;safe;l;;12;3157aus2attradduẜchi;37attradduẜchi;x;x;ihcẜuddartta
1;234;26;aus2;attradduẜchi;safe;l;;12;123426aus2attradduẜchi;126attradduẜchi;x;x;ihcẜuddartta
1;118;4;aus2;attradduẜchi;safe;l;;12;11184aus2attradduẜchi;14attradduẜchi;x;x;ihcẜuddartta
1;101;23;aus2;attradduẜchi;safe;l;;12;110123aus2attradduẜchi;123attradduẜchi;x;x;ihcẜuddartta
1;62;14;aus1;attradduẜchi;safe;l;;12;16214aus1attradduẜchi;114attradduẜchi;x;x;ihcẜuddartta
1;60;6;intr;attradduẜchi;safe;l;;12;1606intrattradduẜchi;16attradduẜchi;x;x;ihcẜuddartta
3;51;28;aus2;waͤdduẜchi;safe;l;;10;35128aus2waͤdduẜchi;328waͤdduẜchi;x;x;ihcẜuddͤaw
2;214;10;aus2;da⸗waͤdduẜchi;safe;l;;13;221410aus2da⸗waͤdduẜchi;210da⸗waͤdduẜchi;x;x;ihcẜuddͤaw⸗ad
3;54;6;aus2;ee⸗waͤdduẜchi;safe;l;;13;3546aus2ee⸗waͤdduẜchi;36ee⸗waͤdduẜchi;x;x;ihcẜuddͤaw⸗ee
3;82;26;peri;attwaͤdduſchi;safe;l;;13;38226periattwaͤdduſchi;326attwaͤdduſchi;x;x;ihcſuddͤawtta
1;57;25;aus2;ſudduẜchi;safe;l;;9;15725aus2ſudduẜchi;125ſudduẜchi;x;x;ihcẜudduſ
1;87;7;aus1;pa⸗ſudduſchi;safe;l;;12;1877aus1pa⸗ſudduſchi;17pa⸗ſudduſchi;x;x;ihcſudduſ⸗ap
2;11;22;aus2;pa⸗ẜudduẜchi;safe;l;;12;21122aus2pa⸗ẜudduẜchi;222pa⸗ẜudduẜchi;x;x;ihcẜudduẜ⸗ap
2;281;15;peri;paſudduſchi;safe;l;;11;228115peripaſudduſchi;215paſudduſchi;x;x;ihcſudduſap
2;168;10;aus2;paſudduẜchi;safe;l;;11;216810aus2paſudduẜchi;210paſudduẜchi;x;x;ihcẜudduſap
2;3;12;peri;paſudduẜchi;safe;l;;11;2312peripaſudduẜchi;212paſudduẜchi;x;x;ihcẜudduſap
1;422;15;aus1;paſudduẜchi;safe;l;;11;142215aus1paſudduẜchi;115paſudduẜchi;x;x;ihcẜudduſap
1;413;28;aus2;paſudduẜchi;safe;l;;11;141328aus2paſudduẜchi;128paſudduẜchi;x;x;ihcẜudduſap
1;269;4;aus1;paſudduẜchi;safe;l;;11;12694aus1paſudduẜchi;14paſudduẜchi;x;x;ihcẜudduſap
1;53;13;aus2;paſudduẜchi;safe;l;;11;15313aus2paſudduẜchi;113paſudduẜchi;x;x;ihcẜudduſap
2;290;27;aus2;paſudduẜchi;safe;l;;11;229027aus2paſudduẜchi;227paſudduẜchi;x;x;ihcẜudduſap
3;130;8;aus2;apaͤduẜchi;safe;l;;10;31308aus2apaͤduẜchi;38apaͤduẜchi;x;x;ihcẜudͤapa
3;146;17;aus2;ſpeeduſchi;safe;l;;10;314617aus2ſpeeduſchi;317ſpeeduſchi;x;x;ihcſudeepſ
1;216;21;aus2;iß⸗ſpeeduẜchi;safe;l;;13;121621aus2iß⸗ſpeeduẜchi;121iß⸗ſpeeduẜchi;x;x;ihcẜudeepſ⸗ßi
1;398;9;aus2;klieduẜchi;safe;l;;10;13989aus2klieduẜchi;19klieduẜchi;x;x;ihcẜudeilk
2;409;25;aus2;klieduẜchi;safe;l;;10;240925aus2klieduẜchi;225klieduẜchi;x;x;ihcẜudeilk
1;530;11;aus2;pee⸗klieduẜchi;safe;l;;14;153011aus2pee⸗klieduẜchi;111pee⸗klieduẜchi;x;x;ihcẜudeilk⸗eep
2;191;8;aus2;no⸗klieduſchi;safe;l;;13;21918aus2no⸗klieduſchi;28no⸗klieduſchi;x;x;ihcſudeilk⸗on
1;550;2;aus2;noklieduẜchi;safe;l;;12;15502aus2noklieduẜchi;12noklieduẜchi;x;x;ihcẜudeilkon
1;530;10;aus2;noklieduẜchi;safe;l;;12;153010aus2noklieduẜchi;110noklieduẜchi;x;x;ihcẜudeilkon
2;194;19;aus2;ißklieduſchi;safe;l;;12;219419aus2ißklieduſchi;219ißklieduſchi;x;x;ihcſudeilkßi
3;93;19;aus2;ißklieduẜchi;safe;l;;12;39319aus2ißklieduẜchi;319ißklieduẜchi;x;x;ihcẜudeilkßi
2;190;29;aus2;ißklieduẜchi;safe;l;;12;219029aus2ißklieduẜchi;229ißklieduẜchi;x;x;ihcẜudeilkßi
2;61;26;aus1;ißklieduẜchi;safe;l;;12;26126aus1ißklieduẜchi;226ißklieduẜchi;x;x;ihcẜudeilkßi
1;125;16;aus2;ißklieduẜchi;safe;l;;12;112516aus2ißklieduẜchi;116ißklieduẜchi;x;x;ihcẜudeilkßi
2;411;29;aus2;ißklieduẜchi;safe;l;;12;241129aus2ißklieduẜchi;229ißklieduẜchi;x;x;ihcẜudeilkßi
2;192;14;aus2;ee⸗nieduẜchi;safe;l;;12;219214aus2ee⸗nieduẜchi;214ee⸗nieduẜchi;x;x;ihcẜudein⸗ee
2;124;17;peri;aͤhduſchi;safe;l;;9;212417periaͤhduſchi;217aͤhduſchi;x;x;ihcſudhͤa
3;183;27;aus2;aͤhduẜchi;safe;l;;9;318327aus2aͤhduẜchi;327aͤhduẜchi;x;x;ihcẜudhͤa
1;460;6;aus2;aͤhduẜchi;safe;l;;9;14606aus2aͤhduẜchi;16aͤhduẜchi;x;x;ihcẜudhͤa
1;421;1;aus1;aͤhduẜchi;safe;l;;9;14211aus1aͤhduẜchi;11aͤhduẜchi;x;x;ihcẜudhͤa
1;305;15;aus2;pee⸗aͤhduſchi;safe;l;;13;130515aus2pee⸗aͤhduſchi;115pee⸗aͤhduſchi;x;x;ihcſudhͤa⸗eep
1;425;4;aus2;pee⸗aͤhduẜchi;safe;l;;13;14254aus2pee⸗aͤhduẜchi;14pee⸗aͤhduẜchi;x;x;ihcẜudhͤa⸗eep
2;195;15;aus2;ap⸗aͤhduẜchi;safe;l;;12;219515aus2ap⸗aͤhduẜchi;215ap⸗aͤhduẜchi;x;x;ihcẜudhͤa⸗pa
2;145;5;aus2;peeaͤhduſchi;safe;l;;12;21455aus2peeaͤhduſchi;25peeaͤhduſchi;x;x;ihcſudhͤaeep
2;377;10;aus2;ẜakohduẜchi;safe;l;;11;237710aus2ẜakohduẜchi;210ẜakohduẜchi;x;x;ihcẜudhokaẜ
1;225;30;aus2;ißlaiduẜchi;safe;l;;11;122530aus2ißlaiduẜchi;130ißlaiduẜchi;x;x;ihcẜudialßi
2;428;23;aus2;ißlaiduẜchi;safe;l;;11;242823aus2ißlaiduẜchi;223ißlaiduẜchi;x;x;ihcẜudialßi
1;453;14;aus2;ißkliduẜchi;safe;l;;11;145314aus2ißkliduẜchi;114ißkliduẜchi;x;x;ihcẜudilkßi
1;553;24;aus2;paſuduẜchi;safe;l;;10;155324aus2paſuduẜchi;124paſuduẜchi;x;x;ihcẜuduſap
2;370;3;aus1;noſeeguſchi;safe;l;;11;23703aus1noſeeguſchi;23noſeeguſchi;x;x;ihcſugeeſon
2;176;16;aus2;apẜaͤgguẜchi;safe;l;;12;217616aus2apẜaͤgguẜchi;216apẜaͤgguẜchi;x;x;ihcẜuggͤaẜpa
1;422;15;aus1;aismigguẜchi;safe;l;;12;142215aus1aismigguẜchi;115aismigguẜchi;x;x;ihcẜuggimsia
2;419;25;aus1;aismigguẜchi;safe;l;;12;241925aus1aismigguẜchi;225aismigguẜchi;x;x;ihcẜuggimsia
1;487;13;peri;luhguſchi;safe;l;;9;148713periluhguſchi;113luhguſchi;x;x;ihcſughul
2;214;10;aus2;luhguẜchi;safe;l;;9;221410aus2luhguẜchi;210luhguẜchi;x;x;ihcẜughul
1;375;12;aus2;ghuſchi;safe;l;;7;137512aus2ghuſchi;112ghuſchi;x;x;ihcſuhg
3;202;30;aus2;ghuẜchi;safe;l;;7;320230aus2ghuẜchi;330ghuẜchi;x;x;ihcẜuhg
2;51;23;aus2;ghuẜchi;safe;l;;7;25123aus2ghuẜchi;223ghuẜchi;x;x;ihcẜuhg
1;121;19;aus2;ghuẜchi;safe;l;;7;112119aus2ghuẜchi;119ghuẜchi;x;x;ihcẜuhg
2;120;20;aus2;leeghuẜchi;safe;l;;10;212020aus2leeghuẜchi;220leeghuẜchi;x;x;ihcẜuhgeel
3;108;22;aus2;noſeeghuẜchi;safe;l;;12;310822aus2noſeeghuẜchi;322noſeeghuẜchi;x;x;ihcẜuhgeeſon
3;71;16;aus1;noſeeghuẜchi;safe;l;;12;37116aus1noſeeghuẜchi;316noſeeghuẜchi;x;x;ihcẜuhgeeſon
1;205;31;aus2;noſeghuẜchi;safe;l;;11;120531aus2noſeghuẜchi;131noſeghuẜchi;x;x;ihcẜuhgeſon
3;41;24;aus2;baͤhghuẜchi;safe;l;;11;34124aus2baͤhghuẜchi;324baͤhghuẜchi;x;x;ihcẜuhghͤab
3;39;4;aus2;pabaͤhghuẜchi;safe;l;;13;3394aus2pabaͤhghuẜchi;34pabaͤhghuẜchi;x;x;ihcẜuhghͤabap
2;396;13;aus2;peeluhghuẜchi;safe;l;;13;239613aus2peeluhghuẜchi;213peeluhghuẜchi;x;x;ihcẜuhghuleep
1;73;15;peri;pabeighuſchi;safe;l;;12;17315peripabeighuſchi;115pabeighuſchi;x;x;ihcſuhgiebap
3;108;26;aus2;aughuẜchi;safe;l;;9;310826aus2aughuẜchi;326aughuẜchi;x;x;ihcẜuhgua
2;89;31;aus2;pee⸗aughuẜchi;safe;l;;13;28931aus2pee⸗aughuẜchi;231pee⸗aughuẜchi;x;x;ihcẜuhgua⸗eep
2;195;13;aus2;nhe⸗pee⸗aughuſchi;safe;l;;17;219513aus2nhe⸗pee⸗aughuſchi;213nhe⸗pee⸗aughuſchi;x;x;ihcſuhgua⸗eep⸗ehn
2;291;1;aus2;us⸗aughuẜchi;safe;l;;12;22911aus2us⸗aughuẜchi;21us⸗aughuẜchi;x;x;ihcẜuhgua⸗su
2;313;3;aus2;lughuẜchi;safe;l;;9;23133aus2lughuẜchi;23lughuẜchi;x;x;ihcẜuhgul
1;489;29;aus2;pee⸗lughuẜchi;safe;l;;13;148929aus2pee⸗lughuẜchi;129pee⸗lughuẜchi;x;x;ihcẜuhgul⸗eep
3;216;16;aus2;juſchi;safe;l;;6;321616aus2juſchi;316juſchi;x;x;ihcſuj
3;193;7;peri;juſchi;safe;l;;6;31937perijuſchi;37juſchi;x;x;ihcſuj
3;144;21;peri;juſchi;safe;l;;6;314421perijuſchi;321juſchi;x;x;ihcſuj
2;417;18;peri;juſchi;safe;l;;6;241718perijuſchi;218juſchi;x;x;ihcſuj
3;204;1;aus2;juẜchi;safe;l;;6;32041aus2juẜchi;31juẜchi;x;x;ihcẜuj
3;168;5;aus2;juẜchi;safe;l;;6;31685aus2juẜchi;35juẜchi;x;x;ihcẜuj
3;87;17;aus1;juẜchi;safe;l;;6;38717aus1juẜchi;317juẜchi;x;x;ihcẜuj
3;15;11;aus2;juẜchi;safe;l;;6;31511aus2juẜchi;311juẜchi;x;x;ihcẜuj
3;15;2;aus2;juẜchi;safe;l;;6;3152aus2juẜchi;32juẜchi;x;x;ihcẜuj
2;228;20;aus2;juẜchi;safe;l;;6;222820aus2juẜchi;220juẜchi;x;x;ihcẜuj
2;178;31;aus2;juẜchi;safe;l;;6;217831aus2juẜchi;231juẜchi;x;x;ihcẜuj
2;164;28;aus2;juẜchi;safe;l;;6;216428aus2juẜchi;228juẜchi;x;x;ihcẜuj
2;3;2;peri;juẜchi;safe;l;;6;232perijuẜchi;22juẜchi;x;x;ihcẜuj
1;482;24;aus2;juẜchi;safe;l;;6;148224aus2juẜchi;124juẜchi;x;x;ihcẜuj
1;481;1;aus2;juẜchi;safe;l;;6;14811aus2juẜchi;11juẜchi;x;x;ihcẜuj
1;419;13;peri;juẜchi;safe;l;;6;141913perijuẜchi;113juẜchi;x;x;ihcẜuj
1;381;13;aus1;juẜchi;safe;l;;6;138113aus1juẜchi;113juẜchi;x;x;ihcẜuj
1;344;31;aus2;juẜchi;safe;l;;6;134431aus2juẜchi;131juẜchi;x;x;ihcẜuj
1;222;16;peri;juẜchi;safe;l;;6;122216perijuẜchi;116juẜchi;x;x;ihcẜuj
1;182;10;aus2;juẜchi;safe;l;;6;118210aus2juẜchi;110juẜchi;x;x;ihcẜuj
1;179;29;aus2;juẜchi;safe;l;;6;117929aus2juẜchi;129juẜchi;x;x;ihcẜuj
1;165;19;aus2;juẜchi;safe;l;;6;116519aus2juẜchi;119juẜchi;x;x;ihcẜuj
1;79;31;aus2;juẜchi;safe;l;;6;17931aus2juẜchi;131juẜchi;x;x;ihcẜuj
1;75;8;aus1;juẜchi;safe;l;;6;1758aus1juẜchi;18juẜchi;x;x;ihcẜuj
1;62;7;aus1;juẜchi;safe;l;;6;1627aus1juẜchi;17juẜchi;x;x;ihcẜuj
1;28;21;aus1;juẜchi;safe;l;;6;12821aus1juẜchi;121juẜchi;x;x;ihcẜuj
2;278;14;aus2;juẜchi;safe;l;;6;227814aus2juẜchi;214juẜchi;x;x;ihcẜuj
2;228;4;aus2;dajuẜchi;safe;l;;8;22284aus2dajuẜchi;24dajuẜchi;x;x;ihcẜujad
2;172;3;aus1;dajuẜchi;safe;l;;8;21723aus1dajuẜchi;23dajuẜchi;x;x;ihcẜujad
2;107;2;aus2;dajuẜchi;safe;l;;8;21072aus2dajuẜchi;22dajuẜchi;x;x;ihcẜujad
1;241;1;peri;ſtradajuſchi;safe;l;;12;12411periſtradajuſchi;11ſtradajuſchi;x;x;ihcſujadartſ
3;67;19;aus1;dſeedajuẜchi;safe;l;;12;36719aus1dſeedajuẜchi;319dſeedajuẜchi;x;x;ihcẜujadeeſd
2;421;31;aus2;dſeedajuẜchi;safe;l;;12;242131aus2dſeedajuẜchi;231dſeedajuẜchi;x;x;ihcẜujadeeſd
3;2;6;peri;nodſeedajuſchi;safe;l;;14;326perinodſeedajuſchi;36nodſeedajuſchi;x;x;ihcſujadeeſdon
2;284;27;aus2;dſedajuẜchi;safe;l;;11;228427aus2dſedajuẜchi;227dſedajuẜchi;x;x;ihcẜujadeſd
3;208;6;aus2;ſtrahdajuẜchi;safe;l;;13;32086aus2ſtrahdajuẜchi;36ſtrahdajuẜchi;x;x;ihcẜujadhartſ
3;99;18;aus2;noſtrahdajuẜchi;safe;l;;15;39918aus2noſtrahdajuẜchi;318noſtrahdajuẜchi;x;x;ihcẜujadhartſon
2;46;5;aus1;noſtrahdajuẜchi;safe;l;;15;2465aus1noſtrahdajuẜchi;25noſtrahdajuẜchi;x;x;ihcẜujadhartſon
2;276;26;aus2;apraudajuẜchi;safe;l;;13;227626aus2apraudajuẜchi;226apraudajuẜchi;x;x;ihcẜujaduarpa
2;181;15;aus2;ghajuẜchi;safe;l;;9;218115aus2ghajuẜchi;215ghajuẜchi;x;x;ihcẜujahg
1;243;14;aus2;ghajuẜchi;safe;l;;9;124314aus2ghajuẜchi;114ghajuẜchi;x;x;ihcẜujahg
1;220;16;intr;ghajuẜchi;safe;l;;9;122016intrghajuẜchi;116ghajuẜchi;x;x;ihcẜujahg
1;189;12;aus2;ghajuẜchi;safe;l;;9;118912aus2ghajuẜchi;112ghajuẜchi;x;x;ihcẜujahg
1;129;27;aus2;ghajuẜchi;safe;l;;9;112927aus2ghajuẜchi;127ghajuẜchi;x;x;ihcẜujahg
1;62;13;aus1;ghajuẜchi;safe;l;;9;16213aus1ghajuẜchi;113ghajuẜchi;x;x;ihcẜujahg
1;60;5;intr;ghajuẜchi;safe;l;;9;1605intrghajuẜchi;15ghajuẜchi;x;x;ihcẜujahg
1;134;18;aus2;ee⸗ghajuẜchi;safe;l;;12;113418aus2ee⸗ghajuẜchi;118ee⸗ghajuẜchi;x;x;ihcẜujahg⸗ee
2;193;5;aus2;pahr⸗ghajuſchi;safe;l;;14;21935aus2pahr⸗ghajuſchi;25pahr⸗ghajuſchi;x;x;ihcſujahg⸗rhap
1;101;30;aus2;nohſt⸗ghajuẜchi;safe;l;;15;110130aus2nohſt⸗ghajuẜchi;130nohſt⸗ghajuẜchi;x;x;ihcẜujahg⸗tſhon
3;104;17;aus2;paghajuẜchi;safe;l;;11;310417aus2paghajuẜchi;317paghajuẜchi;x;x;ihcẜujahgap
1;409;30;aus2;paghajuẜchi;safe;l;;11;140930aus2paghajuẜchi;130paghajuẜchi;x;x;ihcẜujahgap
1;405;8;peri;paghajuẜchi;safe;l;;11;14058peripaghajuẜchi;18paghajuẜchi;x;x;ihcẜujahgap
1;69;15;aus2;ẜaghajuſchi;safe;l;;11;16915aus2ẜaghajuſchi;115ẜaghajuſchi;x;x;ihcſujahgaẜ
2;113;26;aus2;ẜaghajuẜchi;safe;l;;11;211326aus2ẜaghajuẜchi;226ẜaghajuẜchi;x;x;ihcẜujahgaẜ
2;89;24;aus2;ẜaghajuẜchi;safe;l;;11;28924aus2ẜaghajuẜchi;224ẜaghajuẜchi;x;x;ihcẜujahgaẜ
2;45;22;aus1;ẜaghajuẜchi;safe;l;;11;24522aus1ẜaghajuẜchi;222ẜaghajuẜchi;x;x;ihcẜujahgaẜ
2;22;29;aus2;ẜaghajuẜchi;safe;l;;11;22229aus2ẜaghajuẜchi;229ẜaghajuẜchi;x;x;ihcẜujahgaẜ
1;510;13;aus2;ẜaghajuẜchi;safe;l;;11;151013aus2ẜaghajuẜchi;113ẜaghajuẜchi;x;x;ihcẜujahgaẜ
1;433;3;peri;ẜaghajuẜchi;safe;l;;11;14333periẜaghajuẜchi;13ẜaghajuẜchi;x;x;ihcẜujahgaẜ
1;130;26;aus2;ẜaghajuẜchi;safe;l;;11;113026aus2ẜaghajuẜchi;126ẜaghajuẜchi;x;x;ihcẜujahgaẜ
1;116;28;aus2;ẜaghajuẜchi;safe;l;;11;111628aus2ẜaghajuẜchi;128ẜaghajuẜchi;x;x;ihcẜujahgaẜ
1;95;5;aus2;ẜaghajuẜchi;safe;l;;11;1955aus2ẜaghajuẜchi;15ẜaghajuẜchi;x;x;ihcẜujahgaẜ
1;51;23;aus1;ẜaghajuẜchi;safe;l;;11;15123aus1ẜaghajuẜchi;123ẜaghajuẜchi;x;x;ihcẜujahgaẜ
3;215;23;aus2;ſtaighajuẜchi;safe;l;;13;321523aus2ſtaighajuẜchi;323ſtaighajuẜchi;x;x;ihcẜujahgiatſ
1;115;13;aus2;ſtaighajuẜchi;safe;l;;13;111513aus2ſtaighajuẜchi;113ſtaighajuẜchi;x;x;ihcẜujahgiatſ
1;117;26;aus2;pahr⸗ſtaighajuẜchi;safe;l;;18;111726aus2pahr⸗ſtaighajuẜchi;126pahr⸗ſtaighajuẜchi;x;x;ihcẜujahgiatſ⸗rhap
3;174;20;aus2;ẜarrghajuẜchi;safe;l;;13;317420aus2ẜarrghajuẜchi;320ẜarrghajuẜchi;x;x;ihcẜujahgrraẜ
2;68;27;aus2;ẜarrghajuẜchi;safe;l;;13;26827aus2ẜarrghajuẜchi;227ẜarrghajuẜchi;x;x;ihcẜujahgrraẜ
1;135;20;aus2;ẜarrghajuẜchi;safe;l;;13;113520aus2ẜarrghajuẜchi;120ẜarrghajuẜchi;x;x;ihcẜujahgrraẜ
3;6;26;peri;ißghajuſchi;safe;l;;11;3626periißghajuſchi;326ißghajuſchi;x;x;ihcſujahgßi
1;28;1;peri;ißghajuſchi;safe;l;;11;1281periißghajuſchi;11ißghajuſchi;x;x;ihcſujahgßi
1;27;12;peri;ißghajuſchi;safe;l;;11;12712periißghajuſchi;112ißghajuſchi;x;x;ihcſujahgßi
3;203;28;aus2;ißghajuẜchi;safe;l;;11;320328aus2ißghajuẜchi;328ißghajuẜchi;x;x;ihcẜujahgßi
3;200;20;aus2;ißghajuẜchi;safe;l;;11;320020aus2ißghajuẜchi;320ißghajuẜchi;x;x;ihcẜujahgßi
1;27;10;peri;ißghajuẜchi;safe;l;;11;12710periißghajuẜchi;110ißghajuẜchi;x;x;ihcẜujahgßi
1;101;14;aus2;nohſtghajuẜchi;safe;l;;14;110114aus2nohſtghajuẜchi;114nohſtghajuẜchi;x;x;ihcẜujahgtſhon
1;391;30;aus2;dohmajuẜchi;safe;l;;11;139130aus2dohmajuẜchi;130dohmajuẜchi;x;x;ihcẜujamhod
2;421;30;aus2;dohmajuẜchi;safe;l;;11;242130aus2dohmajuẜchi;230dohmajuẜchi;x;x;ihcẜujamhod
3;54;23;aus2;najuẜchi;safe;l;;8;35423aus2najuẜchi;323najuẜchi;x;x;ihcẜujan
2;427;19;aus2;denajuẜchi;safe;l;;10;242719aus2denajuẜchi;219denajuẜchi;x;x;ihcẜujaned
3;162;11;aus2;ẜluddenajuẜchi;safe;l;;14;316211aus2ẜluddenajuẜchi;311ẜluddenajuẜchi;x;x;ihcẜujaneddulẜ
2;184;4;aus2;aͤhdenajuẜchi;safe;l;;13;21844aus2aͤhdenajuẜchi;24aͤhdenajuẜchi;x;x;ihcẜujanedhͤa
1;280;17;aus2;aͤhdenajuẜchi;safe;l;;13;128017aus2aͤhdenajuẜchi;117aͤhdenajuẜchi;x;x;ihcẜujanedhͤa
2;417;7;peri;pee⸗aͤhdenajuſchi;safe;l;;17;24177peripee⸗aͤhdenajuſchi;27pee⸗aͤhdenajuſchi;x;x;ihcſujanedhͤa⸗eep
2;417;15;peri;pee⸗aͤhdenajuſchi;safe;l;;17;241715peripee⸗aͤhdenajuſchi;215pee⸗aͤhdenajuſchi;x;x;ihcſujanedhͤa⸗eep
2;418;4;peri;pee⸗aͤhdenajuſchi;safe;l;;17;24184peripee⸗aͤhdenajuſchi;24pee⸗aͤhdenajuſchi;x;x;ihcſujanedhͤa⸗eep
2;418;5;peri;dſirrdenajuſchi;safe;l;;15;24185peridſirrdenajuſchi;25dſirrdenajuſchi;x;x;ihcſujanedrriſd
2;184;5;aus2;dſirrdenajuẜchi;safe;l;;15;21845aus2dſirrdenajuẜchi;25dſirrdenajuẜchi;x;x;ihcẜujanedrriſd
1;280;18;aus2;dſirrdenajuẜchi;safe;l;;15;128018aus2dſirrdenajuẜchi;118dſirrdenajuẜchi;x;x;ihcẜujanedrriſd
1;265;22;aus2;dſirrdenajuẜchi;safe;l;;15;126522aus2dſirrdenajuẜchi;122dſirrdenajuẜchi;x;x;ihcẜujanedrriſd
2;181;13;aus2;ʒeenajuẜchi;safe;l;;11;218113aus2ʒeenajuẜchi;213ʒeenajuẜchi;x;x;ihcẜujaneeʒ
2;194;7;aus2;eedaͤdſenajuẜchi;safe;l;;16;21947aus2eedaͤdſenajuẜchi;27eedaͤdſenajuẜchi;x;x;ihcẜujaneſdͤadee
3;174;15;aus2;us⸗audſenajuẜchi;safe;l;;16;317415aus2us⸗audſenajuẜchi;315us⸗audſenajuẜchi;x;x;ihcẜujaneſdua⸗su
2;276;17;aus2;us⸗audſenajuẜchi;safe;l;;16;227617aus2us⸗audſenajuẜchi;217us⸗audſenajuẜchi;x;x;ihcẜujaneſdua⸗su
3;157;31;aus2;apkaitenajuſchi;safe;l;;15;315731aus2apkaitenajuſchi;331apkaitenajuſchi;x;x;ihcſujanetiakpa
1;122;30;aus2;dahwenajuẜchi;safe;l;;13;112230aus2dahwenajuẜchi;130dahwenajuẜchi;x;x;ihcẜujanewhad
1;122;27;aus2;dahwenajuẜchi;safe;l;;13;112227aus2dahwenajuẜchi;127dahwenajuẜchi;x;x;ihcẜujanewhad
1;278;12;aus2;ap⸗leeʒenajuẜchi;safe;l;;16;127812aus2ap⸗leeʒenajuẜchi;112ap⸗leeʒenajuẜchi;x;x;ihcẜujaneʒeel⸗pa
1;83;14;aus2;ẜweiʒenajuẜchi;safe;l;;14;18314aus2ẜweiʒenajuẜchi;114ẜweiʒenajuẜchi;x;x;ihcẜujaneʒiewẜ
2;417;8;peri;dſirrdinajuſchi;safe;l;;15;24178peridſirrdinajuſchi;28dſirrdinajuſchi;x;x;ihcſujanidrriſd
2;417;16;peri;dſirrdinajuſchi;safe;l;;15;241716peridſirrdinajuſchi;216dſirrdinajuſchi;x;x;ihcſujanidrriſd
1;344;27;aus2;ſinnajuẜchi;safe;l;;11;134427aus2ſinnajuẜchi;127ſinnajuẜchi;x;x;ihcẜujanniſ
1;132;15;aus2;ſinnajuẜchi;safe;l;;11;113215aus2ſinnajuẜchi;115ſinnajuẜchi;x;x;ihcẜujanniſ
2;285;22;aus2;ſinnajuẜchi;safe;l;;11;228522aus2ſinnajuẜchi;222ſinnajuẜchi;x;x;ihcẜujanniſ
1;342;17;aus2;runnajuſchi;safe;l;;11;134217aus2runnajuſchi;117runnajuſchi;x;x;ihcſujannur
1;342;16;aus2;runnajuſchi;safe;l;;11;134216aus2runnajuſchi;116runnajuſchi;x;x;ihcſujannur
3;175;19;aus2;runnajuẜchi;safe;l;;11;317519aus2runnajuẜchi;319runnajuẜchi;x;x;ihcẜujannur
3;50;20;aus2;runnajuẜchi;safe;l;;11;35020aus2runnajuẜchi;320runnajuẜchi;x;x;ihcẜujannur
1;430;20;aus2;runnajuẜchi;safe;l;;11;143020aus2runnajuẜchi;120runnajuẜchi;x;x;ihcẜujannur
1;391;31;aus2;runnajuẜchi;safe;l;;11;139131aus2runnajuẜchi;131runnajuẜchi;x;x;ihcẜujannur
2;407;13;aus1;runnajuẜchi;safe;l;;11;240713aus1runnajuẜchi;213runnajuẜchi;x;x;ihcẜujannur
2;421;31;aus2;runnajuẜchi;safe;l;;11;242131aus2runnajuẜchi;231runnajuẜchi;x;x;ihcẜujannur
3;112;28;aus2;iß⸗kņahpajuẜchi;safe;l;;15;311228aus2iß⸗kņahpajuẜchi;328iß⸗kņahpajuẜchi;x;x;ihcẜujaphaņk⸗ßi
2;19;25;aus2;naͤſẜajuẜchi;safe;l;;12;21925aus2naͤſẜajuẜchi;225naͤſẜajuẜchi;x;x;ihcẜujaẜſͤan
1;271;8;aus2;ap⸗ſtajuẜchi;safe;l;;12;12718aus2ap⸗ſtajuẜchi;18ap⸗ſtajuẜchi;x;x;ihcẜujatſ⸗pa
3;105;4;aus2;apſtajuſchi;safe;l;;11;31054aus2apſtajuſchi;34apſtajuſchi;x;x;ihcſujatſpa
3;105;1;aus2;apſtajuẜchi;safe;l;;11;31051aus2apſtajuẜchi;31apſtajuẜchi;x;x;ihcẜujatſpa
2;137;12;aus2;waiʒajuẜchi;safe;l;;11;213712aus2waiʒajuẜchi;212waiʒajuẜchi;x;x;ihcẜujaʒiaw
1;43;5;aus2;waiʒajuẜchi;safe;l;;11;1435aus2waiʒajuẜchi;15waiʒajuẜchi;x;x;ihcẜujaʒiaw
3;147;6;aus2;ghribbejuẜchi;safe;l;;13;31476aus2ghribbejuẜchi;36ghribbejuẜchi;x;x;ihcẜujebbirhg
3;95;9;aus2;ghribbejuẜchi;safe;l;;13;3959aus2ghribbejuẜchi;39ghribbejuẜchi;x;x;ihcẜujebbirhg
2;187;12;aus1;ghribbejuẜchi;safe;l;;13;218712aus1ghribbejuẜchi;212ghribbejuẜchi;x;x;ihcẜujebbirhg
1;408;29;aus1;ghribbejuẜchi;safe;l;;13;140829aus1ghribbejuẜchi;129ghribbejuẜchi;x;x;ihcẜujebbirhg
1;56;27;aus2;ghribbejuẜchi;safe;l;;13;15627aus2ghribbejuẜchi;127ghribbejuẜchi;x;x;ihcẜujebbirhg
1;40;12;aus1;ghribbejuẜchi;safe;l;;13;14012aus1ghribbejuẜchi;112ghribbejuẜchi;x;x;ihcẜujebbirhg
2;111;8;peri;dejuſchi;safe;l;;8;21118peridejuſchi;28dejuſchi;x;x;ihcſujed
3;122;14;aus2;ee⸗niedejuẜchi;safe;l;;14;312214aus2ee⸗niedejuẜchi;314ee⸗niedejuẜchi;x;x;ihcẜujedein⸗ee
3;122;8;aus2;ee⸗niedejuẜchi;safe;l;;14;31228aus2ee⸗niedejuẜchi;38ee⸗niedejuẜchi;x;x;ihcẜujedein⸗ee
1;184;13;aus2;dſirdejuẜchi;safe;l;;12;118413aus2dſirdejuẜchi;113dſirdejuẜchi;x;x;ihcẜujedriſd
3;38;9;peri;dſirrdejuſchi;safe;l;;13;3389peridſirrdejuſchi;39dſirrdejuſchi;x;x;ihcſujedrriſd
3;37;9;peri;dſirrdejuſchi;safe;l;;13;3379peridſirrdejuſchi;39dſirrdejuſchi;x;x;ihcſujedrriſd
3;34;19;peri;dſirrdejuſchi;safe;l;;13;33419peridſirrdejuſchi;319dſirrdejuſchi;x;x;ihcſujedrriſd
2;222;3;peri;dſirrdejuſchi;safe;l;;13;22223peridſirrdejuſchi;23dſirrdejuſchi;x;x;ihcſujedrriſd
1;112;22;peri;dſirrdejuſchi;safe;l;;13;111222peridſirrdejuſchi;122dſirrdejuſchi;x;x;ihcſujedrriſd
1;61;9;peri;dſirrdejuſchi;safe;l;;13;1619peridſirrdejuſchi;19dſirrdejuſchi;x;x;ihcſujedrriſd
2;298;28;aus2;dſirrdejuſchi;safe;l;;13;229828aus2dſirrdejuſchi;228dſirrdejuſchi;x;x;ihcſujedrriſd
1;527;4;peri;dſirrdejuẜchi;safe;l;;;15274peridſirrdejuẜchi;14dſirrdejuẜchi;x;x;ihcẜujedrriſd
3;211;6;aus2;dſirrdejuẜchi;safe;l;;13;32116aus2dſirrdejuẜchi;36dſirrdejuẜchi;x;x;ihcẜujedrriſd
3;186;14;aus2;dſirrdejuẜchi;safe;l;;13;318614aus2dſirrdejuẜchi;314dſirrdejuẜchi;x;x;ihcẜujedrriſd
3;145;16;aus1;dſirrdejuẜchi;safe;l;;13;314516aus1dſirrdejuẜchi;316dſirrdejuẜchi;x;x;ihcẜujedrriſd
3;87;13;aus1;dſirrdejuẜchi;safe;l;;13;38713aus1dſirrdejuẜchi;313dſirrdejuẜchi;x;x;ihcẜujedrriſd
3;66;30;aus1;dſirrdejuẜchi;safe;l;;13;36630aus1dſirrdejuẜchi;330dſirrdejuẜchi;x;x;ihcẜujedrriſd
3;49;11;aus2;dſirrdejuẜchi;safe;l;;13;34911aus2dſirrdejuẜchi;311dſirrdejuẜchi;x;x;ihcẜujedrriſd
3;48;14;aus2;dſirrdejuẜchi;safe;l;;13;34814aus2dſirrdejuẜchi;314dſirrdejuẜchi;x;x;ihcẜujedrriſd
3;47;5;aus2;dſirrdejuẜchi;safe;l;;13;3475aus2dſirrdejuẜchi;35dſirrdejuẜchi;x;x;ihcẜujedrriſd
3;44;3;aus2;dſirrdejuẜchi;safe;l;;13;3443aus2dſirrdejuẜchi;33dſirrdejuẜchi;x;x;ihcẜujedrriſd
3;43;29;aus2;dſirrdejuẜchi;safe;l;;13;34329aus2dſirrdejuẜchi;329dſirrdejuẜchi;x;x;ihcẜujedrriſd
3;42;17;aus2;dſirrdejuẜchi;safe;l;;13;34217aus2dſirrdejuẜchi;317dſirrdejuẜchi;x;x;ihcẜujedrriſd
3;42;12;aus2;dſirrdejuẜchi;safe;l;;13;34212aus2dſirrdejuẜchi;312dſirrdejuẜchi;x;x;ihcẜujedrriſd
3;36;12;peri;dſirrdejuẜchi;safe;l;;13;33612peridſirrdejuẜchi;312dſirrdejuẜchi;x;x;ihcẜujedrriſd
2;208;11;aus2;dſirrdejuẜchi;safe;l;;13;220811aus2dſirrdejuẜchi;211dſirrdejuẜchi;x;x;ihcẜujedrriſd
2;197;17;aus2;dſirrdejuẜchi;safe;l;;13;219717aus2dſirrdejuẜchi;217dſirrdejuẜchi;x;x;ihcẜujedrriſd
2;186;16;aus1;dſirrdejuẜchi;safe;l;;13;218616aus1dſirrdejuẜchi;216dſirrdejuẜchi;x;x;ihcẜujedrriſd
2;161;29;aus2;dſirrdejuẜchi;safe;l;;13;216129aus2dſirrdejuẜchi;229dſirrdejuẜchi;x;x;ihcẜujedrriſd
2;116;1;aus2;dſirrdejuẜchi;safe;l;;13;21161aus2dſirrdejuẜchi;21dſirrdejuẜchi;x;x;ihcẜujedrriſd
2;63;16;aus2;dſirrdejuẜchi;safe;l;;13;26316aus2dſirrdejuẜchi;216dſirrdejuẜchi;x;x;ihcẜujedrriſd
2;30;17;aus1;dſirrdejuẜchi;safe;l;;13;23017aus1dſirrdejuẜchi;217dſirrdejuẜchi;x;x;ihcẜujedrriſd
1;528;26;aus2;dſirrdejuẜchi;safe;l;;13;152826aus2dſirrdejuẜchi;126dſirrdejuẜchi;x;x;ihcẜujedrriſd
1;525;10;aus2;dſirrdejuẜchi;safe;l;;13;152510aus2dſirrdejuẜchi;110dſirrdejuẜchi;x;x;ihcẜujedrriſd
1;486;18;aus2;dſirrdejuẜchi;safe;l;;13;148618aus2dſirrdejuẜchi;118dſirrdejuẜchi;x;x;ihcẜujedrriſd
1;486;14;aus2;dſirrdejuẜchi;safe;l;;13;148614aus2dſirrdejuẜchi;114dſirrdejuẜchi;x;x;ihcẜujedrriſd
1;412;4;aus2;dſirrdejuẜchi;safe;l;;13;14124aus2dſirrdejuẜchi;14dſirrdejuẜchi;x;x;ihcẜujedrriſd
1;397;22;aus2;dſirrdejuẜchi;safe;l;;13;139722aus2dſirrdejuẜchi;122dſirrdejuẜchi;x;x;ihcẜujedrriſd
1;358;27;aus2;dſirrdejuẜchi;safe;l;;13;135827aus2dſirrdejuẜchi;127dſirrdejuẜchi;x;x;ihcẜujedrriſd
1;297;20;aus1;dſirrdejuẜchi;safe;l;;13;129720aus1dſirrdejuẜchi;120dſirrdejuẜchi;x;x;ihcẜujedrriſd
1;269;21;aus2;dſirrdejuẜchi;safe;l;;13;126921aus2dſirrdejuẜchi;121dſirrdejuẜchi;x;x;ihcẜujedrriſd
1;259;17;aus2;dſirrdejuẜchi;safe;l;;13;125917aus2dſirrdejuẜchi;117dſirrdejuẜchi;x;x;ihcẜujedrriſd
1;255;21;aus2;dſirrdejuẜchi;safe;l;;13;125521aus2dſirrdejuẜchi;121dſirrdejuẜchi;x;x;ihcẜujedrriſd
1;195;4;aus2;dſirrdejuẜchi;safe;l;;13;11954aus2dſirrdejuẜchi;14dſirrdejuẜchi;x;x;ihcẜujedrriſd
1;187;11;aus1;dſirrdejuẜchi;safe;l;;13;118711aus1dſirrdejuẜchi;111dſirrdejuẜchi;x;x;ihcẜujedrriſd
1;138;17;aus2;dſirrdejuẜchi;safe;l;;13;113817aus2dſirrdejuẜchi;117dſirrdejuẜchi;x;x;ihcẜujedrriſd
1;120;21;aus2;dſirrdejuẜchi;safe;l;;13;112021aus2dſirrdejuẜchi;121dſirrdejuẜchi;x;x;ihcẜujedrriſd
1;71;4;aus2;dſirrdejuẜchi;safe;l;;13;1714aus2dſirrdejuẜchi;14dſirrdejuẜchi;x;x;ihcẜujedrriſd
1;71;2;aus2;dſirrdejuẜchi;safe;l;;13;1712aus2dſirrdejuẜchi;12dſirrdejuẜchi;x;x;ihcẜujedrriſd
1;62;3;aus1;dſirrdejuẜchi;safe;l;;13;1623aus1dſirrdejuẜchi;13dſirrdejuẜchi;x;x;ihcẜujedrriſd
1;61;23;aus1;dſirrdejuẜchi;safe;l;;13;16123aus1dſirrdejuẜchi;123dſirrdejuẜchi;x;x;ihcẜujedrriſd
1;61;11;aus1;dſirrdejuẜchi;safe;l;;13;16111aus1dſirrdejuẜchi;111dſirrdejuẜchi;x;x;ihcẜujedrriſd
1;25;18;aus2;dſirrdejuẜchi;safe;l;;13;12518aus2dſirrdejuẜchi;118dſirrdejuẜchi;x;x;ihcẜujedrriſd
2;383;11;aus2;dſirrdejuẜchi;safe;l;;13;238311aus2dſirrdejuẜchi;211dſirrdejuẜchi;x;x;ihcẜujedrriſd
2;268;2;aus2;dſirrdejuẜchi;safe;l;;13;22682aus2dſirrdejuẜchi;22dſirrdejuẜchi;x;x;ihcẜujedrriſd
2;421;28;aus2;dſirrdejuẜchi;safe;l;;13;242128aus2dſirrdejuẜchi;228dſirrdejuẜchi;x;x;ihcẜujedrriſd
3;104;16;aus2;wehlejuſchi;safe;l;;11;310416aus2wehlejuſchi;316wehlejuſchi;x;x;ihcſujelhew
1;366;3;aus2;pawehlejuẜchi;safe;l;;13;13663aus2pawehlejuẜchi;13pawehlejuẜchi;x;x;ihcẜujelhewap
1;140;8;aus2;mecklejuẜchi;safe;l;;12;11408aus2mecklejuẜchi;18mecklejuẜchi;x;x;ihcẜujelkcem
1;140;6;aus2;mecklejuẜchi;safe;l;;12;11406aus2mecklejuẜchi;16mecklejuẜchi;x;x;ihcẜujelkcem
1;135;14;aus2;mecklejuẜchi;safe;l;;12;113514aus2mecklejuẜchi;114mecklejuẜchi;x;x;ihcẜujelkcem
1;127;24;peri;mecklejuẜchi;safe;l;;12;112724perimecklejuẜchi;124mecklejuẜchi;x;x;ihcẜujelkcem
1;127;23;peri;mecklejuẜchi;safe;l;;12;112723perimecklejuẜchi;123mecklejuẜchi;x;x;ihcẜujelkcem
2;311;12;aus2;paſtellejuſchi;safe;l;;14;231112aus2paſtellejuſchi;212paſtellejuſchi;x;x;ihcſujelletſap
2;153;7;aus2;nopillejuẜchi;safe;l;;13;21537aus2nopillejuẜchi;27nopillejuẜchi;x;x;ihcẜujellipon
3;204;22;aus2;ghullejuẜchi;safe;l;;12;320422aus2ghullejuẜchi;322ghullejuẜchi;x;x;ihcẜujelluhg
3;203;25;aus2;ghullejuẜchi;safe;l;;12;320325aus2ghullejuẜchi;325ghullejuẜchi;x;x;ihcẜujelluhg
2;332;22;aus2;ghullejuẜchi;safe;l;;12;233222aus2ghullejuẜchi;222ghullejuẜchi;x;x;ihcẜujelluhg
2;403;28;aus2;ghullejuẜchi;safe;l;;12;240328aus2ghullejuẜchi;228ghullejuẜchi;x;x;ihcẜujelluhg
2;293;22;aus2;apmahnejuẜchi;safe;l;;13;229322aus2apmahnejuẜchi;222apmahnejuẜchi;x;x;ihcẜujenhampa
3;83;6;peri;rejuſchi;safe;l;;8;3836perirejuſchi;36rejuſchi;x;x;ihcſujer
1;115;13;aus2;rejuẜchi;safe;l;;8;111513aus2rejuẜchi;113rejuẜchi;x;x;ihcẜujer
3;88;13;aus2;uswahrejuẜchi;safe;l;;13;38813aus2uswahrejuẜchi;313uswahrejuẜchi;x;x;ihcẜujerhawsu
1;334;28;aus2;warrejuſchi;safe;l;;11;133428aus2warrejuſchi;128warrejuſchi;x;x;ihcſujerraw
1;334;22;aus2;warrejuſchi;safe;l;;11;133422aus2warrejuſchi;122warrejuſchi;x;x;ihcſujerraw
1;117;25;aus2;warrejuſchi;safe;l;;11;111725aus2warrejuſchi;125warrejuſchi;x;x;ihcſujerraw
3;111;2;aus2;warrejuẜchi;safe;l;;11;31112aus2warrejuẜchi;32warrejuẜchi;x;x;ihcẜujerraw
3;103;29;aus2;warrejuẜchi;safe;l;;11;310329aus2warrejuẜchi;329warrejuẜchi;x;x;ihcẜujerraw
3;96;10;aus2;warrejuẜchi;safe;l;;11;39610aus2warrejuẜchi;310warrejuẜchi;x;x;ihcẜujerraw
1;410;19;aus2;warrejuẜchi;safe;l;;11;141019aus2warrejuẜchi;119warrejuẜchi;x;x;ihcẜujerraw
2;421;29;aus2;ʒerrejuẜchi;safe;l;;11;242129aus2ʒerrejuẜchi;229ʒerrejuẜchi;x;x;ihcẜujerreʒ
1;430;15;aus2;turrejuẜchi;safe;l;;11;143015aus2turrejuẜchi;115turrejuẜchi;x;x;ihcẜujerrut
2;381;14;aus2;turrejuẜchi;safe;l;;11;238114aus2turrejuẜchi;214turrejuẜchi;x;x;ihcẜujerrut
2;417;20;peri;dſejuſchi;safe;l;;9;241720peridſejuſchi;220dſejuſchi;x;x;ihcſujeſd
2;428;27;aus2;paliedſejuẜchi;safe;l;;14;242827aus2paliedſejuẜchi;227paliedſejuẜchi;x;x;ihcẜujeſdeilap
2;222;2;peri;redſejuſchi;safe;l;;11;22222periredſejuſchi;22redſejuſchi;x;x;ihcſujeſder
1;412;17;aus2;redſejuſchi;safe;l;;11;141217aus2redſejuſchi;117redſejuſchi;x;x;ihcſujeſder
1;112;2;peri;redſejuſchi;safe;l;;11;11122periredſejuſchi;12redſejuſchi;x;x;ihcſujeſder
1;61;10;peri;redſejuſchi;safe;l;;11;16110periredſejuſchi;110redſejuſchi;x;x;ihcſujeſder
1;61;3;peri;redſejuſchi;safe;l;;11;1613periredſejuſchi;13redſejuſchi;x;x;ihcſujeſder
2;417;17;peri;redſejuſchi;safe;l;;11;241717periredſejuſchi;217redſejuſchi;x;x;ihcſujeſder
2;418;11;peri;redſejuſchi;safe;l;;11;241811periredſejuſchi;211redſejuſchi;x;x;ihcſujeſder
2;428;25;aus2;redſejuſchi;safe;l;;11;242825aus2redſejuſchi;225redſejuſchi;x;x;ihcſujeſder
3;25;19;aus2;redſejuẜchi;safe;l;;11;32519aus2redſejuẜchi;319redſejuẜchi;x;x;ihcẜujeſder
3;24;30;aus2;redſejuẜchi;safe;l;;11;32430aus2redſejuẜchi;330redſejuẜchi;x;x;ihcẜujeſder
2;159;22;aus1;redſejuẜchi;safe;l;;11;215922aus1redſejuẜchi;222redſejuẜchi;x;x;ihcẜujeſder
2;74;9;aus2;redſejuẜchi;safe;l;;11;2749aus2redſejuẜchi;29redſejuẜchi;x;x;ihcẜujeſder
1;521;14;aus2;redſejuẜchi;safe;l;;11;152114aus2redſejuẜchi;114redſejuẜchi;x;x;ihcẜujeſder
1;518;20;aus2;redſejuẜchi;safe;l;;11;151820aus2redſejuẜchi;120redſejuẜchi;x;x;ihcẜujeſder
1;500;6;peri;redſejuẜchi;safe;l;;11;15006periredſejuẜchi;16redſejuẜchi;x;x;ihcẜujeſder
1;482;22;aus2;redſejuẜchi;safe;l;;11;148222aus2redſejuẜchi;122redſejuẜchi;x;x;ihcẜujeſder
1;463;20;aus1;redſejuẜchi;safe;l;;11;146320aus1redſejuẜchi;120redſejuẜchi;x;x;ihcẜujeſder
1;434;5;peri;redſejuẜchi;safe;l;;11;14345periredſejuẜchi;15redſejuẜchi;x;x;ihcẜujeſder
1;430;2;aus2;redſejuẜchi;safe;l;;11;14302aus2redſejuẜchi;12redſejuẜchi;x;x;ihcẜujeſder
1;419;16;peri;redſejuẜchi;safe;l;;11;141916periredſejuẜchi;116redſejuẜchi;x;x;ihcẜujeſder
1;330;5;aus2;redſejuẜchi;safe;l;;11;13305aus2redſejuẜchi;15redſejuẜchi;x;x;ihcẜujeſder
1;322;28;aus2;redſejuẜchi;safe;l;;11;132228aus2redſejuẜchi;128redſejuẜchi;x;x;ihcẜujeſder
1;234;18;aus2;redſejuẜchi;safe;l;;11;123418aus2redſejuẜchi;118redſejuẜchi;x;x;ihcẜujeſder
1;212;4;aus1;redſejuẜchi;safe;l;;11;12124aus1redſejuẜchi;14redſejuẜchi;x;x;ihcẜujeſder
1;184;25;aus2;redſejuẜchi;safe;l;;11;118425aus2redſejuẜchi;125redſejuẜchi;x;x;ihcẜujeſder
1;184;1;aus2;redſejuẜchi;safe;l;;11;11841aus2redſejuẜchi;11redſejuẜchi;x;x;ihcẜujeſder
1;172;17;aus1;redſejuẜchi;safe;l;;11;117217aus1redſejuẜchi;117redſejuẜchi;x;x;ihcẜujeſder
1;172;15;aus1;redſejuẜchi;safe;l;;11;117215aus1redſejuẜchi;115redſejuẜchi;x;x;ihcẜujeſder
1;124;15;aus2;redſejuẜchi;safe;l;;11;112415aus2redſejuẜchi;115redſejuẜchi;x;x;ihcẜujeſder
1;112;24;peri;redſejuẜchi;safe;l;;11;111224periredſejuẜchi;124redſejuẜchi;x;x;ihcẜujeſder
1;101;19;aus2;redſejuẜchi;safe;l;;11;110119aus2redſejuẜchi;119redſejuẜchi;x;x;ihcẜujeſder
1;71;2;aus2;redſejuẜchi;safe;l;;11;1712aus2redſejuẜchi;12redſejuẜchi;x;x;ihcẜujeſder
1;69;24;aus2;redſejuẜchi;safe;l;;11;16924aus2redſejuẜchi;124redſejuẜchi;x;x;ihcẜujeſder
1;62;3;aus1;redſejuẜchi;safe;l;;11;1623aus1redſejuẜchi;13redſejuẜchi;x;x;ihcẜujeſder
1;16;22;aus2;redſejuẜchi;safe;l;;11;11622aus2redſejuẜchi;122redſejuẜchi;x;x;ihcẜujeſder
1;11;1;aus2;redſejuẜchi;safe;l;;11;1111aus2redſejuẜchi;11redſejuẜchi;x;x;ihcẜujeſder
2;276;18;aus2;redſejuẜchi;safe;l;;11;227618aus2redſejuẜchi;218redſejuẜchi;x;x;ihcẜujeſder
2;283;10;aus2;redſejuẜchi;safe;l;;11;228310aus2redſejuẜchi;210redſejuẜchi;x;x;ihcẜujeſder
3;205;27;aus2;apẜuhdſejuẜchi;safe;l;;14;320527aus2apẜuhdſejuẜchi;327apẜuhdſejuẜchi;x;x;ihcẜujeſdhuẜpa
3;97;26;aus2;apẜuhdſejuẜchi;safe;l;;14;39726aus2apẜuhdſejuẜchi;326apẜuhdſejuẜchi;x;x;ihcẜujeſdhuẜpa
2;183;13;aus2;palidſejuẜchi;safe;l;;13;218313aus2palidſejuẜchi;213palidſejuẜchi;x;x;ihcẜujeſdilap
3;56;6;aus2;tehrſejuẜchi;safe;l;;12;3566aus2tehrſejuẜchi;36tehrſejuẜchi;x;x;ihcẜujeſrhet
2;127;5;aus2;pahrſtawejuſchi;safe;l;;15;21275aus2pahrſtawejuſchi;25pahrſtawejuſchi;x;x;ihcſujewatſrhap
3;207;28;aus2;ſtahwejuẜchi;safe;l;;12;320728aus2ſtahwejuẜchi;328ſtahwejuẜchi;x;x;ihcẜujewhatſ
2;286;31;aus2;ſtahwejuẜchi;safe;l;;12;228631aus2ſtahwejuẜchi;231ſtahwejuẜchi;x;x;ihcẜujewhatſ
1;149;19;aus2;tetʒejuẜchi;safe;l;;11;114919aus2tetʒejuẜchi;119tetʒejuẜchi;x;x;ihcẜujeʒtet
2;3;4;peri;titʒejuſchi;safe;l;;11;234perititʒejuſchi;24titʒejuſchi;x;x;ihcſujeʒtit
2;214;7;aus2;titʒejuſchi;safe;l;;11;22147aus2titʒejuſchi;27titʒejuſchi;x;x;ihcſujeʒtit
2;4;21;aus2;titʒejuẜchi;safe;l;;11;2421aus2titʒejuẜchi;221titʒejuẜchi;x;x;ihcẜujeʒtit
1;500;5;peri;titʒejuẜchi;safe;l;;11;15005perititʒejuẜchi;15titʒejuẜchi;x;x;ihcẜujeʒtit
1;115;12;aus2;titʒejuẜchi;safe;l;;11;111512aus2titʒejuẜchi;112titʒejuẜchi;x;x;ihcẜujeʒtit
2;428;24;aus2;titʒejuẜchi;safe;l;;11;242824aus2titʒejuẜchi;224titʒejuẜchi;x;x;ihcẜujeʒtit
1;180;27;aus2;pee⸗krahjuẜchi;safe;l;;14;118027aus2pee⸗krahjuẜchi;127pee⸗krahjuẜchi;x;x;ihcẜujhark⸗eep
1;208;25;aus2;teeẜahjuſchi;safe;l;;12;120825aus2teeẜahjuſchi;125teeẜahjuſchi;x;x;ihcſujhaẜeet
1;303;20;aus2;ſtahjuẜchi;safe;l;;10;130320aus2ſtahjuẜchi;120ſtahjuẜchi;x;x;ihcẜujhatſ
3;64;30;aus1;attſtahjuẜchi;safe;l;;13;36430aus1attſtahjuẜchi;330attſtahjuẜchi;x;x;ihcẜujhatſtta
3;39;4;aus2;attſtahjuẜchi;safe;l;;13;3394aus2attſtahjuẜchi;34attſtahjuẜchi;x;x;ihcẜujhatſtta
3;9;13;aus2;attſtahjuẜchi;safe;l;;13;3913aus2attſtahjuẜchi;313attſtahjuẜchi;x;x;ihcẜujhatſtta
1;243;18;aus2;attſtahjuẜchi;safe;l;;13;124318aus2attſtahjuẜchi;118attſtahjuẜchi;x;x;ihcẜujhatſtta
1;243;14;aus2;attſtahjuẜchi;safe;l;;13;124314aus2attſtahjuẜchi;114attſtahjuẜchi;x;x;ihcẜujhatſtta
1;181;12;aus2;attſtahjuẜchi;safe;l;;13;118112aus2attſtahjuẜchi;112attſtahjuẜchi;x;x;ihcẜujhatſtta
3;168;4;aus2;neewahjuẜchi;safe;l;;12;31684aus2neewahjuẜchi;34neewahjuẜchi;x;x;ihcẜujhaween
3;111;19;aus2;ißlehjuẜchi;safe;l;;11;311119aus2ißlehjuẜchi;319ißlehjuẜchi;x;x;ihcẜujhelßi
2;192;11;aus2;ißlehjuẜchi;safe;l;;11;219211aus2ißlehjuẜchi;211ißlehjuẜchi;x;x;ihcẜujhelßi
3;113;29;aus2;abẜmehjuẜchi;safe;l;;12;311329aus2abẜmehjuẜchi;329abẜmehjuẜchi;x;x;ihcẜujhemẜba
3;208;7;aus2;apẜmehjuẜchi;safe;l;;12;32087aus2apẜmehjuẜchi;37apẜmehjuẜchi;x;x;ihcẜujhemẜpa
3;122;14;aus2;ẜehjuẜchi;safe;l;;9;312214aus2ẜehjuẜchi;314ẜehjuẜchi;x;x;ihcẜujheẜ
3;41;4;aus2;ẜehjuẜchi;safe;l;;9;3414aus2ẜehjuẜchi;34ẜehjuẜchi;x;x;ihcẜujheẜ
2;259;3;aus2;ẜehjuẜchi;safe;l;;9;22593aus2ẜehjuẜchi;23ẜehjuẜchi;x;x;ihcẜujheẜ
2;164;16;aus2;ſtahwehjuẜchi;safe;l;;13;216416aus2ſtahwehjuẜchi;216ſtahwehjuẜchi;x;x;ihcẜujhewhatſ
1;233;19;aus2;pohjuẜchi;safe;l;;9;123319aus2pohjuẜchi;119pohjuẜchi;x;x;ihcẜujhop
3;129;23;aus2;bijuſchi;safe;l;;8;312923aus2bijuſchi;323bijuſchi;x;x;ihcſujib
3;102;2;aus2;bijuſchi;safe;l;;8;31022aus2bijuſchi;32bijuſchi;x;x;ihcſujib
2;127;10;aus2;bijuſchi;safe;l;;8;212710aus2bijuſchi;210bijuſchi;x;x;ihcſujib
2;321;25;aus2;bijuſchi;safe;l;;8;232125aus2bijuſchi;225bijuſchi;x;x;ihcſujib
2;329;30;aus2;bijuſchi;safe;l;;8;232930aus2bijuſchi;230bijuſchi;x;x;ihcſujib
3;206;3;aus2;bijuẜchi;safe;l;;8;32063aus2bijuẜchi;33bijuẜchi;x;x;ihcẜujib
3;203;29;aus2;bijuẜchi;safe;l;;8;320329aus2bijuẜchi;329bijuẜchi;x;x;ihcẜujib
3;183;29;aus2;bijuẜchi;safe;l;;8;318329aus2bijuẜchi;329bijuẜchi;x;x;ihcẜujib
3;158;14;aus2;bijuẜchi;safe;l;;8;315814aus2bijuẜchi;314bijuẜchi;x;x;ihcẜujib
3;76;7;aus1;bijuẜchi;safe;l;;8;3767aus1bijuẜchi;37bijuẜchi;x;x;ihcẜujib
3;75;17;aus1;bijuẜchi;safe;l;;8;37517aus1bijuẜchi;317bijuẜchi;x;x;ihcẜujib
3;25;7;aus2;bijuẜchi;safe;l;;8;3257aus2bijuẜchi;37bijuẜchi;x;x;ihcẜujib
2;191;30;aus2;bijuẜchi;safe;l;;8;219130aus2bijuẜchi;230bijuẜchi;x;x;ihcẜujib
2;127;15;aus2;bijuẜchi;safe;l;;8;212715aus2bijuẜchi;215bijuẜchi;x;x;ihcẜujib
2;86;29;aus2;bijuẜchi;safe;l;;8;28629aus2bijuẜchi;229bijuẜchi;x;x;ihcẜujib
2;64;5;aus2;bijuẜchi;safe;l;;8;2645aus2bijuẜchi;25bijuẜchi;x;x;ihcẜujib
2;64;5;aus2;bijuẜchi;safe;l;;8;2645aus2bijuẜchi;25bijuẜchi;x;x;ihcẜujib
2;64;4;aus2;bijuẜchi;safe;l;;8;2644aus2bijuẜchi;24bijuẜchi;x;x;ihcẜujib
1;429;26;aus2;bijuẜchi;safe;l;;8;142926aus2bijuẜchi;126bijuẜchi;x;x;ihcẜujib
1;419;14;peri;bijuẜchi;safe;l;;8;141914peribijuẜchi;114bijuẜchi;x;x;ihcẜujib
1;360;25;aus2;bijuẜchi;safe;l;;8;136025aus2bijuẜchi;125bijuẜchi;x;x;ihcẜujib
1;344;8;aus2;bijuẜchi;safe;l;;8;13448aus2bijuẜchi;18bijuẜchi;x;x;ihcẜujib
1;337;2;aus2;bijuẜchi;safe;l;;8;13372aus2bijuẜchi;12bijuẜchi;x;x;ihcẜujib
1;321;20;aus2;bijuẜchi;safe;l;;8;132120aus2bijuẜchi;120bijuẜchi;x;x;ihcẜujib
1;302;27;aus2;bijuẜchi;safe;l;;8;130227aus2bijuẜchi;127bijuẜchi;x;x;ihcẜujib
1;254;7;aus1;bijuẜchi;safe;l;;8;12547aus1bijuẜchi;17bijuẜchi;x;x;ihcẜujib
1;244;1;aus2;bijuẜchi;safe;l;;8;12441aus2bijuẜchi;11bijuẜchi;x;x;ihcẜujib
1;184;27;aus2;bijuẜchi;safe;l;;8;118427aus2bijuẜchi;127bijuẜchi;x;x;ihcẜujib
1;180;19;aus2;bijuẜchi;safe;l;;8;118019aus2bijuẜchi;119bijuẜchi;x;x;ihcẜujib
1;179;10;aus2;bijuẜchi;safe;l;;8;117910aus2bijuẜchi;110bijuẜchi;x;x;ihcẜujib
1;178;31;aus2;bijuẜchi;safe;l;;8;117831aus2bijuẜchi;131bijuẜchi;x;x;ihcẜujib
1;172;24;aus1;bijuẜchi;safe;l;;8;117224aus1bijuẜchi;124bijuẜchi;x;x;ihcẜujib
1;144;24;aus2;bijuẜchi;safe;l;;8;114424aus2bijuẜchi;124bijuẜchi;x;x;ihcẜujib
1;131;15;aus2;bijuẜchi;safe;l;;8;113115aus2bijuẜchi;115bijuẜchi;x;x;ihcẜujib
1;80;24;aus2;bijuẜchi;safe;l;;8;18024aus2bijuẜchi;124bijuẜchi;x;x;ihcẜujib
1;62;27;aus2;bijuẜchi;safe;l;;8;16227aus2bijuẜchi;127bijuẜchi;x;x;ihcẜujib
1;55;25;aus2;bijuẜchi;safe;l;;8;15525aus2bijuẜchi;125bijuẜchi;x;x;ihcẜujib
2;284;8;aus2;bijuẜchi;safe;l;;8;22848aus2bijuẜchi;28bijuẜchi;x;x;ihcẜujib
2;284;28;aus2;bijuẜchi;safe;l;;8;228428aus2bijuẜchi;228bijuẜchi;x;x;ihcẜujib
2;336;11;aus2;bijuẜchi;safe;l;;8;233611aus2bijuẜchi;211bijuẜchi;x;x;ihcẜujib
2;341;18;aus2;bijuẜchi;safe;l;;8;234118aus2bijuẜchi;218bijuẜchi;x;x;ihcẜujib
2;406;1;peri;bijuẜchi;safe;l;;8;24061peribijuẜchi;21bijuẜchi;x;x;ihcẜujib
2;423;27;aus2;bijuẜchi;safe;l;;8;242327aus2bijuẜchi;227bijuẜchi;x;x;ihcẜujib
1;409;19;aus2;dijuẜchi;safe;l;;8;140919aus2dijuẜchi;119dijuẜchi;x;x;ihcẜujid
3;208;7;aus2;rahdijuſchi;safe;l;;11;32087aus2rahdijuſchi;37rahdijuſchi;x;x;ihcſujidhar
3;185;29;aus2;rahdijuẜchi;safe;l;;11;318529aus2rahdijuẜchi;329rahdijuẜchi;x;x;ihcẜujidhar
2;427;15;aus2;pa⸗rahdijuẜchi;safe;l;;14;242715aus2pa⸗rahdijuẜchi;215pa⸗rahdijuẜchi;x;x;ihcẜujidhar⸗ap
3;155;23;aus2;apmehdijuſchi;safe;l;;13;315523aus2apmehdijuſchi;323apmehdijuſchi;x;x;ihcſujidhempa
3;171;19;aus2;apmehdijuẜchi;safe;l;;13;317119aus2apmehdijuẜchi;319apmehdijuẜchi;x;x;ihcẜujidhempa
1;233;29;aus2;ghaidijuſchi;safe;l;;12;123329aus2ghaidijuſchi;129ghaidijuſchi;x;x;ihcſujidiahg
1;355;14;aus1;ghaidijuẜchi;safe;l;;12;135514aus1ghaidijuẜchi;114ghaidijuẜchi;x;x;ihcẜujidiahg
1;235;2;aus2;ghaidijuẜchi;safe;l;;12;12352aus2ghaidijuẜchi;12ghaidijuẜchi;x;x;ihcẜujidiahg
1;43;25;aus2;ghaidijuẜchi;safe;l;;12;14325aus2ghaidijuẜchi;125ghaidijuẜchi;x;x;ihcẜujidiahg
1;43;19;aus2;ghaidijuẜchi;safe;l;;12;14319aus2ghaidijuẜchi;119ghaidijuẜchi;x;x;ihcẜujidiahg
1;41;15;aus2;ghaidijuẜchi;safe;l;;12;14115aus2ghaidijuẜchi;115ghaidijuẜchi;x;x;ihcẜujidiahg
3;40;11;aus2;walldijuẜchi;safe;l;;12;34011aus2walldijuẜchi;311walldijuẜchi;x;x;ihcẜujidllaw
2;195;4;aus2;baudijuẜchi;safe;l;;11;21954aus2baudijuẜchi;24baudijuẜchi;x;x;ihcẜujiduab
1;180;28;aus2;nijuẜchi;safe;l;;8;118028aus2nijuẜchi;128nijuẜchi;x;x;ihcẜujin
1;89;7;aus2;nijuẜchi;safe;l;;8;1897aus2nijuẜchi;17nijuẜchi;x;x;ihcẜujin
1;144;24;aus2;ʒeenijuẜchi;safe;l;;11;114424aus2ʒeenijuẜchi;124ʒeenijuẜchi;x;x;ihcẜujineeʒ
1;105;28;aus2;ʒeenijuẜchi;safe;l;;11;110528aus2ʒeenijuẜchi;128ʒeenijuẜchi;x;x;ihcẜujineeʒ
2;153;9;aus2;nopelnijuẜchi;safe;l;;13;21539aus2nopelnijuẜchi;29nopelnijuẜchi;x;x;ihcẜujinlepon
3;177;5;aus2;pellnijuẜchi;safe;l;;12;31775aus2pellnijuẜchi;35pellnijuẜchi;x;x;ihcẜujinllep
3;55;24;aus2;pellnijuẜchi;safe;l;;12;35524aus2pellnijuẜchi;324pellnijuẜchi;x;x;ihcẜujinllep
3;20;4;aus2;pellnijuẜchi;safe;l;;12;3204aus2pellnijuẜchi;34pellnijuẜchi;x;x;ihcẜujinllep
1;554;7;aus2;pellnijuẜchi;safe;l;;12;15547aus2pellnijuẜchi;17pellnijuẜchi;x;x;ihcẜujinllep
3;142;10;peri;nopellnijuſchi;safe;l;;14;314210perinopellnijuſchi;310nopellnijuſchi;x;x;ihcſujinllepon
2;339;3;aus2;nopellnijuſchi;safe;l;;14;23393aus2nopellnijuſchi;23nopellnijuſchi;x;x;ihcſujinllepon
3;147;19;aus2;nopellnijuẜchi;safe;l;;14;314719aus2nopellnijuẜchi;319nopellnijuẜchi;x;x;ihcẜujinllepon
2;115;2;aus2;nopellnijuẜchi;safe;l;;14;21152aus2nopellnijuẜchi;22nopellnijuẜchi;x;x;ihcẜujinllepon
2;54;27;aus2;nopellnijuẜchi;safe;l;;14;25427aus2nopellnijuẜchi;227nopellnijuẜchi;x;x;ihcẜujinllepon
1;430;22;aus2;nopellnijuẜchi;safe;l;;14;143022aus2nopellnijuẜchi;122nopellnijuẜchi;x;x;ihcẜujinllepon
1;91;30;aus2;nopellnijuẜchi;safe;l;;14;19130aus2nopellnijuẜchi;130nopellnijuẜchi;x;x;ihcẜujinllepon
2;369;13;aus1;nopellnijuẜchi;safe;l;;14;236913aus1nopellnijuẜchi;213nopellnijuẜchi;x;x;ihcẜujinllepon
2;427;12;aus2;nopellnijuẜchi;safe;l;;14;242712aus2nopellnijuẜchi;212nopellnijuẜchi;x;x;ihcẜujinllepon
2;212;17;aus2;nomannijuẜchi;safe;l;;13;221217aus2nomannijuẜchi;217nomannijuẜchi;x;x;ihcẜujinnamon
3;154;27;aus2;pijuẜchi;safe;l;;8;315427aus2pijuẜchi;327pijuẜchi;x;x;ihcẜujip
3;57;7;aus2;rijuẜchi;safe;l;;8;3577aus2rijuẜchi;37rijuẜchi;x;x;ihcẜujir
2;153;9;aus2;rijuẜchi;safe;l;;8;21539aus2rijuẜchi;29rijuẜchi;x;x;ihcẜujir
1;391;31;aus2;rijuẜchi;safe;l;;8;139131aus2rijuẜchi;131rijuẜchi;x;x;ihcẜujir
3;171;22;aus2;darrijuſchi;safe;l;;11;317122aus2darrijuſchi;322darrijuſchi;x;x;ihcſujirrad
3;66;11;aus1;darrijuſchi;safe;l;;11;36611aus1darrijuſchi;311darrijuſchi;x;x;ihcſujirrad
2;206;1;aus2;darrijuſchi;safe;l;;11;22061aus2darrijuſchi;21darrijuſchi;x;x;ihcſujirrad
2;186;9;peri;darrijuſchi;safe;l;;11;21869peridarrijuſchi;29darrijuſchi;x;x;ihcſujirrad
2;147;3;peri;darrijuſchi;safe;l;;11;21473peridarrijuſchi;23darrijuſchi;x;x;ihcſujirrad
1;265;25;aus2;darrijuſchi;safe;l;;11;126525aus2darrijuſchi;125darrijuſchi;x;x;ihcſujirrad
1;243;18;aus2;darrijuſchi;safe;l;;11;124318aus2darrijuſchi;118darrijuſchi;x;x;ihcſujirrad
2;350;3;aus2;darrijuſchi;safe;l;;11;23503aus2darrijuſchi;23darrijuſchi;x;x;ihcſujirrad
2;417;22;peri;darrijuſchi;safe;l;;11;241722peridarrijuſchi;222darrijuſchi;x;x;ihcſujirrad
2;417;24;peri;darrijuſchi;safe;l;;11;241724peridarrijuſchi;224darrijuſchi;x;x;ihcſujirrad
2;418;15;peri;darrijuſchi;safe;l;;11;241815peridarrijuſchi;215darrijuſchi;x;x;ihcſujirrad
2;418;17;peri;darrijuſchi;safe;l;;11;241817peridarrijuſchi;217darrijuſchi;x;x;ihcſujirrad
3;216;14;aus2;darrijuẜchi;safe;l;;11;321614aus2darrijuẜchi;314darrijuẜchi;x;x;ihcẜujirrad
3;210;26;aus2;darrijuẜchi;safe;l;;11;321026aus2darrijuẜchi;326darrijuẜchi;x;x;ihcẜujirrad
3;201;26;aus2;darrijuẜchi;safe;l;;11;320126aus2darrijuẜchi;326darrijuẜchi;x;x;ihcẜujirrad
3;175;3;aus2;darrijuẜchi;safe;l;;11;31753aus2darrijuẜchi;33darrijuẜchi;x;x;ihcẜujirrad
3;168;1;aus2;darrijuẜchi;safe;l;;11;31681aus2darrijuẜchi;31darrijuẜchi;x;x;ihcẜujirrad
3;158;1;aus2;darrijuẜchi;safe;l;;11;31581aus2darrijuẜchi;31darrijuẜchi;x;x;ihcẜujirrad
3;153;3;aus2;darrijuẜchi;safe;l;;11;31533aus2darrijuẜchi;33darrijuẜchi;x;x;ihcẜujirrad
3;149;22;aus2;darrijuẜchi;safe;l;;11;314922aus2darrijuẜchi;322darrijuẜchi;x;x;ihcẜujirrad
3;112;10;aus2;darrijuẜchi;safe;l;;11;311210aus2darrijuẜchi;310darrijuẜchi;x;x;ihcẜujirrad
3;108;24;aus2;darrijuẜchi;safe;l;;11;310824aus2darrijuẜchi;324darrijuẜchi;x;x;ihcẜujirrad
3;54;2;aus2;darrijuẜchi;safe;l;;11;3542aus2darrijuẜchi;32darrijuẜchi;x;x;ihcẜujirrad
3;48;27;aus2;darrijuẜchi;safe;l;;11;34827aus2darrijuẜchi;327darrijuẜchi;x;x;ihcẜujirrad
3;44;12;aus2;darrijuẜchi;safe;l;;11;34412aus2darrijuẜchi;312darrijuẜchi;x;x;ihcẜujirrad
3;10;2;aus2;darrijuẜchi;safe;l;;11;3102aus2darrijuẜchi;32darrijuẜchi;x;x;ihcẜujirrad
2;211;30;aus2;darrijuẜchi;safe;l;;11;221130aus2darrijuẜchi;230darrijuẜchi;x;x;ihcẜujirrad
2;206;3;aus2;darrijuẜchi;safe;l;;11;22063aus2darrijuẜchi;23darrijuẜchi;x;x;ihcẜujirrad
2;186;25;aus1;darrijuẜchi;safe;l;;11;218625aus1darrijuẜchi;225darrijuẜchi;x;x;ihcẜujirrad
2;163;28;aus2;darrijuẜchi;safe;l;;11;216328aus2darrijuẜchi;228darrijuẜchi;x;x;ihcẜujirrad
2;151;17;aus2;darrijuẜchi;safe;l;;11;215117aus2darrijuẜchi;217darrijuẜchi;x;x;ihcẜujirrad
2;144;7;aus2;darrijuẜchi;safe;l;;11;21447aus2darrijuẜchi;27darrijuẜchi;x;x;ihcẜujirrad
2;120;20;aus2;darrijuẜchi;safe;l;;11;212020aus2darrijuẜchi;220darrijuẜchi;x;x;ihcẜujirrad
2;118;15;aus2;darrijuẜchi;safe;l;;11;211815aus2darrijuẜchi;215darrijuẜchi;x;x;ihcẜujirrad
2;115;1;aus2;darrijuẜchi;safe;l;;11;21151aus2darrijuẜchi;21darrijuẜchi;x;x;ihcẜujirrad
2;76;27;aus2;darrijuẜchi;safe;l;;11;27627aus2darrijuẜchi;227darrijuẜchi;x;x;ihcẜujirrad
2;57;12;aus2;darrijuẜchi;safe;l;;11;25712aus2darrijuẜchi;212darrijuẜchi;x;x;ihcẜujirrad
2;54;21;aus2;darrijuẜchi;safe;l;;11;25421aus2darrijuẜchi;221darrijuẜchi;x;x;ihcẜujirrad
1;415;10;aus2;darrijuẜchi;safe;l;;11;141510aus2darrijuẜchi;110darrijuẜchi;x;x;ihcẜujirrad
1;415;9;aus2;darrijuẜchi;safe;l;;11;14159aus2darrijuẜchi;19darrijuẜchi;x;x;ihcẜujirrad
1;363;13;aus2;darrijuẜchi;safe;l;;11;136313aus2darrijuẜchi;113darrijuẜchi;x;x;ihcẜujirrad
1;344;7;aus2;darrijuẜchi;safe;l;;11;13447aus2darrijuẜchi;17darrijuẜchi;x;x;ihcẜujirrad
1;344;2;aus2;darrijuẜchi;safe;l;;11;13442aus2darrijuẜchi;12darrijuẜchi;x;x;ihcẜujirrad
1;280;21;aus2;darrijuẜchi;safe;l;;11;128021aus2darrijuẜchi;121darrijuẜchi;x;x;ihcẜujirrad
1;280;20;aus2;darrijuẜchi;safe;l;;11;128020aus2darrijuẜchi;120darrijuẜchi;x;x;ihcẜujirrad
1;265;25;aus2;darrijuẜchi;safe;l;;11;126525aus2darrijuẜchi;125darrijuẜchi;x;x;ihcẜujirrad
1;216;20;aus2;darrijuẜchi;safe;l;;11;121620aus2darrijuẜchi;120darrijuẜchi;x;x;ihcẜujirrad
1;179;27;aus2;darrijuẜchi;safe;l;;11;117927aus2darrijuẜchi;127darrijuẜchi;x;x;ihcẜujirrad
1;165;18;aus2;darrijuẜchi;safe;l;;11;116518aus2darrijuẜchi;118darrijuẜchi;x;x;ihcẜujirrad
1;162;31;aus2;darrijuẜchi;safe;l;;11;116231aus2darrijuẜchi;131darrijuẜchi;x;x;ihcẜujirrad
1;155;29;aus2;darrijuẜchi;safe;l;;11;115529aus2darrijuẜchi;129darrijuẜchi;x;x;ihcẜujirrad
1;146;28;aus2;darrijuẜchi;safe;l;;11;114628aus2darrijuẜchi;128darrijuẜchi;x;x;ihcẜujirrad
1;69;30;aus2;darrijuẜchi;safe;l;;11;16930aus2darrijuẜchi;130darrijuẜchi;x;x;ihcẜujirrad
1;39;9;aus1;darrijuẜchi;safe;l;;11;1399aus1darrijuẜchi;19darrijuẜchi;x;x;ihcẜujirrad
2;278;12;aus2;darrijuẜchi;safe;l;;11;227812aus2darrijuẜchi;212darrijuẜchi;x;x;ihcẜujirrad
2;403;12;aus2;darrijuẜchi;safe;l;;11;240312aus2darrijuẜchi;212darrijuẜchi;x;x;ihcẜujirrad
2;285;5;aus2;darrijuẜchi;safe;l;;11;22855aus2darrijuẜchi;25darrijuẜchi;x;x;ihcẜujirrad
2;403;11;aus2;darrijuẜchi;safe;l;;11;240311aus2darrijuẜchi;211darrijuẜchi;x;x;ihcẜujirrad
2;426;24;aus2;darrijuẜchi;safe;l;;11;242624aus2darrijuẜchi;224darrijuẜchi;x;x;ihcẜujirrad
2;427;24;aus2;darrijuẜchi;safe;l;;11;242724aus2darrijuẜchi;224darrijuẜchi;x;x;ihcẜujirrad
2;427;24;aus2;darrijuẜchi;safe;l;;11;242724aus2darrijuẜchi;224darrijuẜchi;x;x;ihcẜujirrad
3;24;15;aus2;padarrijuẜchi;safe;l;;13;32415aus2padarrijuẜchi;315padarrijuẜchi;x;x;ihcẜujirradap
2;418;9;peri;apraudſijuſchi;safe;l;;14;24189periapraudſijuſchi;29apraudſijuſchi;x;x;ihcſujiſduarpa
2;184;8;aus2;apraudſijuẜchi;safe;l;;14;21848aus2apraudſijuẜchi;28apraudſijuẜchi;x;x;ihcẜujiſduarpa
3;130;8;aus2;ẜaplohẜijuẜchi;safe;l;;14;31308aus2ẜaplohẜijuẜchi;38ẜaplohẜijuẜchi;x;x;ihcẜujiẜholpaẜ
1;343;10;aus2;laſẜijuẜchi;safe;l;;11;134310aus2laſẜijuẜchi;110laſẜijuẜchi;x;x;ihcẜujiẜſal
2;45;28;aus1;ẜalaſẜijuẜchi;safe;l;;13;24528aus1ẜalaſẜijuẜchi;228ẜalaſẜijuẜchi;x;x;ihcẜujiẜſalaẜ
1;460;6;aus2;uslaſẜijuẜchi;safe;l;;13;14606aus2uslaſẜijuẜchi;16uslaſẜijuẜchi;x;x;ihcẜujiẜſalsu
1;368;2;peri;attraiſẜijuſchi;safe;l;;15;13682periattraiſẜijuſchi;12attraiſẜijuſchi;x;x;ihcſujiẜſiartta
2;127;6;aus2;klauſẜijuſchi;safe;l;;13;21276aus2klauſẜijuſchi;26klauſẜijuſchi;x;x;ihcſujiẜſualk
2;126;25;aus1;klauſẜijuſchi;safe;l;;13;212625aus1klauſẜijuſchi;225klauſẜijuſchi;x;x;ihcſujiẜſualk
2;181;13;aus2;klauſẜijuẜchi;safe;l;;13;218113aus2klauſẜijuẜchi;213klauſẜijuẜchi;x;x;ihcẜujiẜſualk
2;137;1;aus1;klauſẜijuẜchi;safe;l;;13;21371aus1klauſẜijuẜchi;21klauſẜijuẜchi;x;x;ihcẜujiẜſualk
2;136;23;aus1;klauſẜijuẜchi;safe;l;;13;213623aus1klauſẜijuẜchi;223klauſẜijuẜchi;x;x;ihcẜujiẜſualk
2;106;31;aus2;klauſẜijuẜchi;safe;l;;13;210631aus2klauſẜijuẜchi;231klauſẜijuẜchi;x;x;ihcẜujiẜſualk
1;375;11;aus2;klauſẜijuẜchi;safe;l;;13;137511aus2klauſẜijuẜchi;111klauſẜijuẜchi;x;x;ihcẜujiẜſualk
2;388;9;aus2;klauſẜijuẜchi;safe;l;;13;23889aus2klauſẜijuẜchi;29klauſẜijuẜchi;x;x;ihcẜujiẜſualk
2;328;14;aus2;pahrklauſẜijuẜchi;safe;l;;17;232814aus2pahrklauſẜijuẜchi;214pahrklauſẜijuẜchi;x;x;ihcẜujiẜſualkrhap
1;45;4;aus2;ẜuhtijuẜchi;safe;l;;11;1454aus2ẜuhtijuẜchi;14ẜuhtijuẜchi;x;x;ihcẜujithuẜ
1;45;3;aus2;ẜuhtijuẜchi;safe;l;;11;1453aus2ẜuhtijuẜchi;13ẜuhtijuẜchi;x;x;ihcẜujithuẜ
1;44;31;aus2;ẜuhtijuẜchi;safe;l;;11;14431aus2ẜuhtijuẜchi;131ẜuhtijuẜchi;x;x;ihcẜujithuẜ
1;40;24;aus2;iß⸗ẜuhtijuſchi;safe;l;;14;14024aus2iß⸗ẜuhtijuſchi;124iß⸗ẜuhtijuſchi;x;x;ihcſujithuẜ⸗ßi
3;42;15;aus2;iß⸗ẜuhtijuẜchi;safe;l;;14;34215aus2iß⸗ẜuhtijuẜchi;315iß⸗ẜuhtijuẜchi;x;x;ihcẜujithuẜ⸗ßi
2;164;16;aus2;ſkaitijuẜchi;safe;l;;12;216416aus2ſkaitijuẜchi;216ſkaitijuẜchi;x;x;ihcẜujitiakſ
1;51;6;aus1;peſtijuẜchi;safe;l;;11;1516aus1peſtijuẜchi;16peſtijuẜchi;x;x;ihcẜujitſep
3;12;12;aus2;ſtahſtijuẜchi;safe;l;;13;31212aus2ſtahſtijuẜchi;312ſtahſtijuẜchi;x;x;ihcẜujitſhatſ
3;122;14;aus2;ghuhſtijuẜchi;safe;l;;13;312214aus2ghuhſtijuẜchi;314ghuhſtijuẜchi;x;x;ihcẜujitſhuhg
3;12;17;aus2;ẜaiſtijuẜchi;safe;l;;12;31217aus2ẜaiſtijuẜchi;317ẜaiſtijuẜchi;x;x;ihcẜujitſiaẜ
3;25;19;aus2;aptauſtijuẜchi;safe;l;;14;32519aus2aptauſtijuẜchi;319aptauſtijuẜchi;x;x;ihcẜujitſuatpa
1;38;2;peri;iſẜutijuſchi;safe;l;;12;1382periiſẜutijuſchi;12iſẜutijuſchi;x;x;ihcſujituẜſi
2;164;27;aus2;raxtijuẜchi;safe;l;;11;216427aus2raxtijuẜchi;227raxtijuẜchi;x;x;ihcẜujitxar
1;234;27;aus2;raxtijuẜchi;safe;l;;11;123427aus2raxtijuẜchi;127raxtijuẜchi;x;x;ihcẜujitxar
1;144;19;aus2;raxtijuẜchi;safe;l;;11;114419aus2raxtijuẜchi;119raxtijuẜchi;x;x;ihcẜujitxar
3;103;17;aus2;apraxtijuẜchi;safe;l;;13;310317aus2apraxtijuẜchi;317apraxtijuẜchi;x;x;ihcẜujitxarpa
2;182;5;aus2;ʒijuẜchi;safe;l;;8;21825aus2ʒijuẜchi;25ʒijuẜchi;x;x;ihcẜujiʒ
3;200;21;aus2;mahʒijuẜchi;safe;l;;11;320021aus2mahʒijuẜchi;321mahʒijuẜchi;x;x;ihcẜujiʒham
3;41;18;aus2;mahʒijuẜchi;safe;l;;11;34118aus2mahʒijuẜchi;318mahʒijuẜchi;x;x;ihcẜujiʒham
2;165;9;aus2;mahʒijuẜchi;safe;l;;11;21659aus2mahʒijuẜchi;29mahʒijuẜchi;x;x;ihcẜujiʒham
2;165;2;aus2;mahʒijuẜchi;safe;l;;11;21652aus2mahʒijuẜchi;22mahʒijuẜchi;x;x;ihcẜujiʒham
2;153;6;aus2;mahʒijuẜchi;safe;l;;11;21536aus2mahʒijuẜchi;26mahʒijuẜchi;x;x;ihcẜujiʒham
2;151;15;aus2;mahʒijuẜchi;safe;l;;11;215115aus2mahʒijuẜchi;215mahʒijuẜchi;x;x;ihcẜujiʒham
1;533;14;aus2;mahʒijuẜchi;safe;l;;11;153314aus2mahʒijuẜchi;114mahʒijuẜchi;x;x;ihcẜujiʒham
1;46;10;aus2;mahʒijuẜchi;safe;l;;11;14610aus2mahʒijuẜchi;110mahʒijuẜchi;x;x;ihcẜujiʒham
2;298;28;aus2;mahʒijuẜchi;safe;l;;11;229828aus2mahʒijuẜchi;228mahʒijuẜchi;x;x;ihcẜujiʒham
3;81;4;peri;ẜatʒijuſchi;safe;l;;11;3814periẜatʒijuſchi;34ẜatʒijuſchi;x;x;ihcſujiʒtaẜ
2;147;1;peri;ẜatʒijuſchi;safe;l;;11;21471periẜatʒijuſchi;21ẜatʒijuſchi;x;x;ihcſujiʒtaẜ
1;443;31;aus2;ẜatʒijuſchi;safe;l;;11;144331aus2ẜatʒijuſchi;131ẜatʒijuſchi;x;x;ihcſujiʒtaẜ
1;61;6;peri;ẜatʒijuſchi;safe;l;;11;1616periẜatʒijuſchi;16ẜatʒijuſchi;x;x;ihcſujiʒtaẜ
2;301;31;aus2;ẜatʒijuſchi;safe;l;;11;230131aus2ẜatʒijuſchi;231ẜatʒijuſchi;x;x;ihcſujiʒtaẜ
3;185;28;aus2;ẜatʒijuẜchi;safe;l;;11;318528aus2ẜatʒijuẜchi;328ẜatʒijuẜchi;x;x;ihcẜujiʒtaẜ
3;92;13;aus2;ẜatʒijuẜchi;safe;l;;11;39213aus2ẜatʒijuẜchi;313ẜatʒijuẜchi;x;x;ihcẜujiʒtaẜ
3;46;2;aus2;ẜatʒijuẜchi;safe;l;;11;3462aus2ẜatʒijuẜchi;32ẜatʒijuẜchi;x;x;ihcẜujiʒtaẜ
2;163;26;aus2;ẜatʒijuẜchi;safe;l;;11;216326aus2ẜatʒijuẜchi;226ẜatʒijuẜchi;x;x;ihcẜujiʒtaẜ
2;37;12;aus2;ẜatʒijuẜchi;safe;l;;11;23712aus2ẜatʒijuẜchi;212ẜatʒijuẜchi;x;x;ihcẜujiʒtaẜ
1;419;22;peri;ẜatʒijuẜchi;safe;l;;11;141922periẜatʒijuẜchi;122ẜatʒijuẜchi;x;x;ihcẜujiʒtaẜ
1;344;28;aus2;ẜatʒijuẜchi;safe;l;;11;134428aus2ẜatʒijuẜchi;128ẜatʒijuẜchi;x;x;ihcẜujiʒtaẜ
1;272;27;aus2;ẜatʒijuẜchi;safe;l;;11;127227aus2ẜatʒijuẜchi;127ẜatʒijuẜchi;x;x;ihcẜujiʒtaẜ
1;108;9;aus2;ẜatʒijuẜchi;safe;l;;11;11089aus2ẜatʒijuẜchi;19ẜatʒijuẜchi;x;x;ihcẜujiʒtaẜ
2;37;15;aus2;attẜatʒijuẜchi;safe;l;;14;23715aus2attẜatʒijuẜchi;215attẜatʒijuẜchi;x;x;ihcẜujiʒtaẜtta
2;214;7;aus2;titʒijuſchi;safe;l;;11;22147aus2titʒijuſchi;27titʒijuſchi;x;x;ihcſujiʒtit
2;68;27;aus2;ghlabbojuẜchi;safe;l;;13;26827aus2ghlabbojuẜchi;227ghlabbojuẜchi;x;x;ihcẜujobbalhg
3;211;11;aus2;apghlabbojuẜchi;safe;l;;15;321111aus2apghlabbojuẜchi;311apghlabbojuẜchi;x;x;ihcẜujobbalhgpa
2;427;20;aus2;majojuẜchi;safe;l;;10;242720aus2majojuẜchi;220majojuẜchi;x;x;ihcẜujojam
2;184;6;aus2;mahjojuẜchi;safe;l;;11;21846aus2mahjojuẜchi;26mahjojuẜchi;x;x;ihcẜujojham
1;260;30;aus2;ghraͤkojuſchi;safe;l;;13;126030aus2ghraͤkojuſchi;130ghraͤkojuſchi;x;x;ihcſujokͤarhg
3;71;15;aus1;ghraͤkojuẜchi;safe;l;;13;37115aus1ghraͤkojuẜchi;315ghraͤkojuẜchi;x;x;ihcẜujokͤarhg
3;71;12;aus1;ghraͤkojuẜchi;safe;l;;13;37112aus1ghraͤkojuẜchi;312ghraͤkojuẜchi;x;x;ihcẜujokͤarhg
1;547;18;aus2;ghraͤkojuẜchi;safe;l;;13;154718aus2ghraͤkojuẜchi;118ghraͤkojuẜchi;x;x;ihcẜujokͤarhg
1;392;3;aus2;ghraͤkojuẜchi;safe;l;;13;13923aus2ghraͤkojuẜchi;13ghraͤkojuẜchi;x;x;ihcẜujokͤarhg
1;344;7;aus2;ghraͤkojuẜchi;safe;l;;13;13447aus2ghraͤkojuẜchi;17ghraͤkojuẜchi;x;x;ihcẜujokͤarhg
1;158;22;aus1;ghraͤkojuẜchi;safe;l;;13;115822aus1ghraͤkojuẜchi;122ghraͤkojuẜchi;x;x;ihcẜujokͤarhg
1;149;29;aus2;ghraͤkojuẜchi;safe;l;;13;114929aus2ghraͤkojuẜchi;129ghraͤkojuẜchi;x;x;ihcẜujokͤarhg
1;55;17;aus2;ghraͤkojuẜchi;safe;l;;13;15517aus2ghraͤkojuẜchi;117ghraͤkojuẜchi;x;x;ihcẜujokͤarhg
2;283;28;aus2;ghraͤkojuẜchi;safe;l;;13;228328aus2ghraͤkojuẜchi;228ghraͤkojuẜchi;x;x;ihcẜujokͤarhg
2;286;14;aus2;ghraͤkojuẜchi;safe;l;;13;228614aus2ghraͤkojuẜchi;214ghraͤkojuẜchi;x;x;ihcẜujokͤarhg
3;171;21;aus2;appuhſchkojuſchi;safe;l;;16;317121aus2appuhſchkojuſchi;321appuhſchkojuſchi;x;x;ihcſujokhcſhuppa
3;172;26;aus2;abpuſchkojuſchi;safe;l;;15;317226aus2abpuſchkojuſchi;326abpuſchkojuſchi;x;x;ihcſujokhcſupba
2;233;23;aus2;luhkojuẜchi;safe;l;;11;223323aus2luhkojuẜchi;223luhkojuẜchi;x;x;ihcẜujokhul
1;280;19;aus2;ap⸗luhkojuẜchi;safe;l;;14;128019aus2ap⸗luhkojuẜchi;119ap⸗luhkojuẜchi;x;x;ihcẜujokhul⸗pa
2;417;10;peri;lojuẜchi;safe;l;;8;241710perilojuẜchi;210lojuẜchi;x;x;ihcẜujol
2;421;30;aus2;ļojuẜchi;safe;l;;8;242130aus2ļojuẜchi;230ļojuẜchi;x;x;ihcẜujoļ
1;527;6;peri;mielojuẜchi;safe;l;;;15276perimielojuẜchi;16mielojuẜchi;x;x;ihcẜujoleim
3;117;2;aus2;mieļojuẜchi;safe;l;;11;31172aus2mieļojuẜchi;32mieļojuẜchi;x;x;ihcẜujoļeim
1;322;24;aus2;mieļojuẜchi;safe;l;;11;132224aus2mieļojuẜchi;124mieļojuẜchi;x;x;ihcẜujoļeim
2;332;15;aus2;pee⸗nagglojuẜchi;safe;l;;16;233215aus2pee⸗nagglojuẜchi;215pee⸗nagglojuẜchi;x;x;ihcẜujolggan⸗eep
3;167;29;aus2;peenagglojuſchi;safe;l;;15;316729aus2peenagglojuſchi;329peenagglojuſchi;x;x;ihcſujolgganeep
1;303;19;aus2;ſchaͤhlojuẜchi;safe;l;;14;130319aus2ſchaͤhlojuẜchi;119ſchaͤhlojuẜchi;x;x;ihcẜujolhͤahcſ
1;358;15;aus2;apaͤhnojuẜchi;safe;l;;13;135815aus2apaͤhnojuẜchi;115apaͤhnojuẜchi;x;x;ihcẜujonhͤapa
2;418;13;peri;kallpojuſchi;safe;l;;12;241813perikallpojuſchi;213kallpojuſchi;x;x;ihcſujopllak
1;375;11;aus2;kallpojuẜchi;safe;l;;12;137511aus2kallpojuẜchi;111kallpojuẜchi;x;x;ihcẜujopllak
2;286;30;aus2;kallpojuẜchi;safe;l;;12;228630aus2kallpojuẜchi;230kallpojuẜchi;x;x;ihcẜujopllak
2;298;29;aus2;kallpojuẜchi;safe;l;;12;229829aus2kallpojuẜchi;229kallpojuẜchi;x;x;ihcẜujopllak
2;429;1;aus2;iß⸗mehŗojuẜchi;safe;l;;14;24291aus2iß⸗mehŗojuẜchi;21iß⸗mehŗojuẜchi;x;x;ihcẜujoŗhem⸗ßi
1;265;21;aus2;baŗŗojuẜchi;safe;l;;11;126521aus2baŗŗojuẜchi;121baŗŗojuẜchi;x;x;ihcẜujoŗŗab
1;172;21;aus1;wojuẜchi;safe;l;;8;117221aus1wojuẜchi;121wojuẜchi;x;x;ihcẜujow
3;204;27;aus2;dſiewojuẜchi;safe;l;;12;320427aus2dſiewojuẜchi;327dſiewojuẜchi;x;x;ihcẜujoweiſd
3;112;8;aus2;dſiewojuẜchi;safe;l;;12;31128aus2dſiewojuẜchi;38dſiewojuẜchi;x;x;ihcẜujoweiſd
3;49;25;aus2;dſiewojuẜchi;safe;l;;12;34925aus2dſiewojuẜchi;325dſiewojuẜchi;x;x;ihcẜujoweiſd
2;87;2;aus2;dſiewojuẜchi;safe;l;;12;2872aus2dſiewojuẜchi;22dſiewojuẜchi;x;x;ihcẜujoweiſd
2;19;6;aus2;dſiewojuẜchi;safe;l;;12;2196aus2dſiewojuẜchi;26dſiewojuẜchi;x;x;ihcẜujoweiſd
2;18;31;aus1;dſiewojuẜchi;safe;l;;12;21831aus1dſiewojuẜchi;231dſiewojuẜchi;x;x;ihcẜujoweiſd
2;323;18;aus2;dſiewojuẜchi;safe;l;;12;232318aus2dſiewojuẜchi;218dſiewojuẜchi;x;x;ihcẜujoweiſd
2;385;27;aus2;dſiewojuẜchi;safe;l;;12;238527aus2dſiewojuẜchi;227dſiewojuẜchi;x;x;ihcẜujoweiſd
2;424;10;aus2;dſiewojuẜchi;safe;l;;12;242410aus2dſiewojuẜchi;210dſiewojuẜchi;x;x;ihcẜujoweiſd
2;142;4;aus2;pee⸗dſiewojuẜchi;safe;l;;16;21424aus2pee⸗dſiewojuẜchi;24pee⸗dſiewojuẜchi;x;x;ihcẜujoweiſd⸗eep
2;124;20;aus1;peedſiewojuſchi;safe;l;;15;212420aus1peedſiewojuſchi;220peedſiewojuſchi;x;x;ihcſujoweiſdeep
2;161;12;aus2;peedſiewojuẜchi;safe;l;;15;216112aus2peedſiewojuẜchi;212peedſiewojuẜchi;x;x;ihcẜujoweiſdeep
1;2;23;aus1;peedſiewojuẜchi;safe;l;;15;1223aus1peedſiewojuẜchi;123peedſiewojuẜchi;x;x;ihcẜujoweiſdeep
2;411;23;aus2;peedſiewojuẜchi;safe;l;;15;241123aus2peedſiewojuẜchi;223peedſiewojuẜchi;x;x;ihcẜujoweiſdeep
3;204;6;aus2;dabbujuſchi;safe;l;;11;32046aus2dabbujuſchi;36dabbujuſchi;x;x;ihcſujubbad
3;210;25;aus2;dabbujuẜchi;safe;l;;11;321025aus2dabbujuẜchi;325dabbujuẜchi;x;x;ihcẜujubbad
3;148;15;aus2;dabbujuẜchi;safe;l;;11;314815aus2dabbujuẜchi;315dabbujuẜchi;x;x;ihcẜujubbad
2;107;4;aus2;dabbujuẜchi;safe;l;;11;21074aus2dabbujuẜchi;24dabbujuẜchi;x;x;ihcẜujubbad
2;107;2;aus2;dabbujuẜchi;safe;l;;11;21072aus2dabbujuẜchi;22dabbujuẜchi;x;x;ihcẜujubbad
2;41;14;aus2;dabbujuẜchi;safe;l;;11;24114aus2dabbujuẜchi;214dabbujuẜchi;x;x;ihcẜujubbad
1;538;12;aus2;dabbujuẜchi;safe;l;;11;153812aus2dabbujuẜchi;112dabbujuẜchi;x;x;ihcẜujubbad
1;481;8;aus2;dabbujuẜchi;safe;l;;11;14818aus2dabbujuẜchi;18dabbujuẜchi;x;x;ihcẜujubbad
1;375;18;aus2;dabbujuẜchi;safe;l;;11;137518aus2dabbujuẜchi;118dabbujuẜchi;x;x;ihcẜujubbad
1;180;17;aus2;dabbujuẜchi;safe;l;;11;118017aus2dabbujuẜchi;117dabbujuẜchi;x;x;ihcẜujubbad
1;162;30;aus2;dabbujuẜchi;safe;l;;11;116230aus2dabbujuẜchi;130dabbujuẜchi;x;x;ihcẜujubbad
1;39;5;aus1;dabbujuẜchi;safe;l;;11;1395aus1dabbujuẜchi;15dabbujuẜchi;x;x;ihcẜujubbad
1;29;25;aus1;dabbujuẜchi;safe;l;;11;12925aus1dabbujuẜchi;125dabbujuẜchi;x;x;ihcẜujubbad
2;339;6;aus2;tappujuẜchi;safe;l;;11;23396aus2tappujuẜchi;26tappujuẜchi;x;x;ihcẜujuppat
1;174;4;aus2;kuſchi;safe;l;;6;11744aus2kuſchi;14kuſchi;x;x;ihcſuk
1;90;22;aus2;kuẜchi;safe;l;;6;19022aus2kuẜchi;122kuẜchi;x;x;ihcẜuk
3;6;24;peri;nakuſchi;safe;l;;8;3624perinakuſchi;324nakuſchi;x;x;ihcſukan
1;112;2;peri;nakuſchi;safe;l;;8;11122perinakuſchi;12nakuſchi;x;x;ihcſukan
2;142;29;aus2;eeẜakuſchi;safe;l;;10;214229aus2eeẜakuſchi;229eeẜakuſchi;x;x;ihcſukaẜee
3;7;3;peri;ckuſchi;safe;l;;7;373perickuſchi;33ckuſchi;x;x;ihcſukc
2;241;9;aus2;aiß⸗ẜmackuſchi;safe;l;;14;22419aus2aiß⸗ẜmackuſchi;29aiß⸗ẜmackuſchi;x;x;ihcſukcamẜ⸗ßia
3;211;12;aus2;aprackuẜchi;safe;l;;11;321112aus2aprackuẜchi;312aprackuẜchi;x;x;ihcẜukcarpa
1;132;14;aus2;lickuſchi;safe;l;;9;113214aus2lickuſchi;114lickuſchi;x;x;ihcſukcil
2;427;14;aus2;lickuſchi;safe;l;;9;242714aus2lickuſchi;214lickuſchi;x;x;ihcſukcil
3;122;15;aus2;lickuẜchi;safe;l;;9;312215aus2lickuẜchi;315lickuẜchi;x;x;ihcẜukcil
3;103;26;aus2;lickuẜchi;safe;l;;9;310326aus2lickuẜchi;326lickuẜchi;x;x;ihcẜukcil
2;183;14;aus2;lickuẜchi;safe;l;;9;218314aus2lickuẜchi;214lickuẜchi;x;x;ihcẜukcil
1;430;5;aus2;lickuẜchi;safe;l;;9;14305aus2lickuẜchi;15lickuẜchi;x;x;ihcẜukcil
3;214;8;aus2;ee⸗lickuẜchi;safe;l;;12;32148aus2ee⸗lickuẜchi;38ee⸗lickuẜchi;x;x;ihcẜukcil⸗ee
2;136;22;aus1;palickuẜchi;safe;l;;11;213622aus1palickuẜchi;222palickuẜchi;x;x;ihcẜukcilap
1;521;7;aus2;palickuẜchi;safe;l;;11;15217aus2palickuẜchi;17palickuẜchi;x;x;ihcẜukcilap
2;303;29;aus2;pallickuſchi;safe;l;;12;230329aus2pallickuſchi;229pallickuſchi;x;x;ihcſukcillap
1;481;7;aus2;pallickuẜchi;safe;l;;12;14817aus2pallickuẜchi;17pallickuẜchi;x;x;ihcẜukcillap
1;437;7;aus2;nolickuẜchi;safe;l;;11;14377aus2nolickuẜchi;17nolickuẜchi;x;x;ihcẜukcilon
2;142;21;aus2;nickuſchi;safe;l;;9;214221aus2nickuſchi;221nickuſchi;x;x;ihcſukcin
1;428;6;aus2;apnickuẜchi;safe;l;;11;14286aus2apnickuẜchi;16apnickuẜchi;x;x;ihcẜukcinpa
2;89;10;aus2;tickuẜchi;safe;l;;9;28910aus2tickuẜchi;210tickuẜchi;x;x;ihcẜukcit
2;397;17;aus2;patickuẜchi;safe;l;;11;239717aus2patickuẜchi;217patickuẜchi;x;x;ihcẜukcitap
1;419;12;peri;notickuſchi;safe;l;;11;141912perinotickuſchi;112notickuſchi;x;x;ihcſukciton
1;418;7;peri;notickuẜchi;safe;l;;11;14187perinotickuẜchi;17notickuẜchi;x;x;ihcẜukciton
1;360;23;aus2;notickuẜchi;safe;l;;11;136023aus2notickuẜchi;123notickuẜchi;x;x;ihcẜukciton
2;276;24;aus2;notickuẜchi;safe;l;;11;227624aus2notickuẜchi;224notickuẜchi;x;x;ihcẜukciton
2;393;27;aus1;notickuẜchi;safe;l;;11;239327aus1notickuẜchi;227notickuẜchi;x;x;ihcẜukciton
2;262;23;aus2;pattickuẜchi;safe;l;;12;226223aus2pattickuẜchi;223pattickuẜchi;x;x;ihcẜukcittap
2;424;17;aus2;ẜajuckuẜchi;safe;l;;11;242417aus2ẜajuckuẜchi;217ẜajuckuẜchi;x;x;ihcẜukcujaẜ
2;218;20;aus2;eebruckuſchi;safe;l;;12;221820aus2eebruckuſchi;220eebruckuſchi;x;x;ihcſukcurbee
1;175;27;aus2;palaͤkuẜchi;safe;l;;11;117527aus2palaͤkuẜchi;127palaͤkuẜchi;x;x;ihcẜukͤalap
1;171;21;aus1;palaͤkuẜchi;safe;l;;11;117121aus1palaͤkuẜchi;121palaͤkuẜchi;x;x;ihcẜukͤalap
1;364;15;aus2;attlaͤkuẜchi;safe;l;;12;136415aus2attlaͤkuẜchi;115attlaͤkuẜchi;x;x;ihcẜukͤaltta
3;113;30;aus2;kleekuẜchi;safe;l;;10;311330aus2kleekuẜchi;330kleekuẜchi;x;x;ihcẜukeelk
1;455;20;aus2;apẜliekuſchi;safe;l;;12;145520aus2apẜliekuſchi;120apẜliekuſchi;x;x;ihcſukeilẜpa
2;339;4;aus2;ißniekuẜchi;safe;l;;11;23394aus2ißniekuẜchi;24ißniekuẜchi;x;x;ihcẜukeinßi
1;457;9;aus2;iß⸗twiekuẜchi;safe;l;;13;14579aus2iß⸗twiekuẜchi;19iß⸗twiekuẜchi;x;x;ihcẜukeiwt⸗ßi
2;263;6;aus2;iß⸗twiekuẜchi;safe;l;;13;22636aus2iß⸗twiekuẜchi;26iß⸗twiekuẜchi;x;x;ihcẜukeiwt⸗ßi
3;90;1;aus2;nomahkuẜchi;safe;l;;11;3901aus2nomahkuẜchi;31nomahkuẜchi;x;x;ihcẜukhamon
2;417;12;peri;nahkuſchi;safe;l;;9;241712perinahkuſchi;212nahkuſchi;x;x;ihcſukhan
3;204;24;aus2;nahkuẜchi;safe;l;;9;320424aus2nahkuẜchi;324nahkuẜchi;x;x;ihcẜukhan
3;189;17;aus2;nahkuẜchi;safe;l;;9;318917aus2nahkuẜchi;317nahkuẜchi;x;x;ihcẜukhan
3;88;28;aus2;nahkuẜchi;safe;l;;9;38828aus2nahkuẜchi;328nahkuẜchi;x;x;ihcẜukhan
2;184;9;aus2;nahkuẜchi;safe;l;;9;21849aus2nahkuẜchi;29nahkuẜchi;x;x;ihcẜukhan
2;63;1;aus2;nahkuẜchi;safe;l;;9;2631aus2nahkuẜchi;21nahkuẜchi;x;x;ihcẜukhan
2;21;17;aus2;nahkuẜchi;safe;l;;9;22117aus2nahkuẜchi;217nahkuẜchi;x;x;ihcẜukhan
1;432;4;aus2;nahkuẜchi;safe;l;;9;14324aus2nahkuẜchi;14nahkuẜchi;x;x;ihcẜukhan
1;148;22;aus2;nahkuẜchi;safe;l;;9;114822aus2nahkuẜchi;122nahkuẜchi;x;x;ihcẜukhan
1;139;20;aus2;nahkuẜchi;safe;l;;9;113920aus2nahkuẜchi;120nahkuẜchi;x;x;ihcẜukhan
1;101;20;aus2;nahkuẜchi;safe;l;;9;110120aus2nahkuẜchi;120nahkuẜchi;x;x;ihcẜukhan
2;395;11;aus2;nahkuẜchi;safe;l;;9;239511aus2nahkuẜchi;211nahkuẜchi;x;x;ihcẜukhan
2;417;20;peri;nahkuẜchi;safe;l;;9;241720perinahkuẜchi;220nahkuẜchi;x;x;ihcẜukhan
2;427;22;aus2;nahkuẜchi;safe;l;;9;242722aus2nahkuẜchi;222nahkuẜchi;x;x;ihcẜukhan
3;89;8;aus2;ẜanahkuẜchi;safe;l;;11;3898aus2ẜanahkuẜchi;38ẜanahkuẜchi;x;x;ihcẜukhanaẜ
1;94;14;aus2;pahrnahkuẜchi;safe;l;;13;19414aus2pahrnahkuẜchi;114pahrnahkuẜchi;x;x;ihcẜukhanrhap
1;505;25;aus2;attnahkuẜchi;safe;l;;12;150525aus2attnahkuẜchi;125attnahkuẜchi;x;x;ihcẜukhantta
1;115;21;aus2;attnahkuẜchi;safe;l;;12;111521aus2attnahkuẜchi;121attnahkuẜchi;x;x;ihcẜukhantta
3;201;30;aus2;ſprahkuẜchi;safe;l;;11;320130aus2ſprahkuẜchi;330ſprahkuẜchi;x;x;ihcẜukharpſ
1;258;16;aus2;ee⸗ẜahkuẜchi;safe;l;;12;125816aus2ee⸗ẜahkuẜchi;116ee⸗ẜahkuẜchi;x;x;ihcẜukhaẜ⸗ee
1;243;28;aus2;ee⸗ẜahkuẜchi;safe;l;;12;124328aus2ee⸗ẜahkuẜchi;128ee⸗ẜahkuẜchi;x;x;ihcẜukhaẜ⸗ee
1;118;1;aus2;ee⸗ẜahkuẜchi;safe;l;;12;11181aus2ee⸗ẜahkuẜchi;11ee⸗ẜahkuẜchi;x;x;ihcẜukhaẜ⸗ee
3;172;27;aus2;iß⸗laͤhkuſchi;safe;l;;13;317227aus2iß⸗laͤhkuſchi;327iß⸗laͤhkuſchi;x;x;ihcſukhͤal⸗ßi
1;398;11;aus2;palaͤhkuẜchi;safe;l;;12;139811aus2palaͤhkuẜchi;111palaͤhkuẜchi;x;x;ihcẜukhͤalap
2;332;19;aus2;braͤhkuſchi;safe;l;;11;233219aus2braͤhkuſchi;219braͤhkuſchi;x;x;ihcſukhͤarb
2;164;6;aus2;braͤhkuẜchi;safe;l;;11;21646aus2braͤhkuẜchi;26braͤhkuẜchi;x;x;ihcẜukhͤarb
3;83;20;peri;eejuhkuſchi;safe;l;;11;38320perieejuhkuſchi;320eejuhkuſchi;x;x;ihcſukhujee
3;97;22;aus2;eejuhkuẜchi;safe;l;;11;39722aus2eejuhkuẜchi;322eejuhkuẜchi;x;x;ihcẜukhujee
3;96;28;aus2;eejuhkuẜchi;safe;l;;11;39628aus2eejuhkuẜchi;328eejuhkuẜchi;x;x;ihcẜukhujee
1;62;15;aus1;teikuẜchi;safe;l;;9;16215aus1teikuẜchi;115teikuẜchi;x;x;ihcẜukiet
2;284;27;aus2;teikuẜchi;safe;l;;9;228427aus2teikuẜchi;227teikuẜchi;x;x;ihcẜukiet
1;542;25;aus1;ißnikuẜchi;safe;l;;10;154225aus1ißnikuẜchi;125ißnikuẜchi;x;x;ihcẜukinßi
1;329;21;aus2;iß⸗allkuſchi;safe;l;;12;132921aus2iß⸗allkuſchi;121iß⸗allkuſchi;x;x;ihcſuklla⸗ßi
3;98;30;aus2;iß⸗allkuẜchi;safe;l;;12;39830aus2iß⸗allkuẜchi;330iß⸗allkuẜchi;x;x;ihcẜuklla⸗ßi
2;127;18;aus2;iß⸗allkuẜchi;safe;l;;12;212718aus2iß⸗allkuẜchi;218iß⸗allkuẜchi;x;x;ihcẜuklla⸗ßi
2;263;6;aus2;iß⸗allkuẜchi;safe;l;;12;22636aus2iß⸗allkuẜchi;26iß⸗allkuẜchi;x;x;ihcẜuklla⸗ßi
2;100;3;peri;willkuſchi;safe;l;;10;21003periwillkuſchi;23willkuſchi;x;x;ihcſuklliw
2;219;17;aus2;apwillkuẜchi;safe;l;;12;221917aus2apwillkuẜchi;217apwillkuẜchi;x;x;ihcẜuklliwpa
1;58;17;aus2;apwillkuẜchi;safe;l;;12;15817aus2apwillkuẜchi;117apwillkuẜchi;x;x;ihcẜuklliwpa
2;355;25;aus2;apwillkuẜchi;safe;l;;12;235525aus2apwillkuẜchi;225apwillkuẜchi;x;x;ihcẜuklliwpa
2;229;25;aus2;ißwillkuſchi;safe;l;;12;222925aus2ißwillkuſchi;225ißwillkuſchi;x;x;ihcſuklliwßi
3;171;20;aus2;ißwillkuẜchi;safe;l;;12;317120aus2ißwillkuẜchi;320ißwillkuẜchi;x;x;ihcẜuklliwßi
2;39;18;aus2;pirrkuẜchi;safe;l;;10;23918aus2pirrkuẜchi;218pirrkuẜchi;x;x;ihcẜukrrip
3;51;26;aus2;nopirrkuẜchi;safe;l;;12;35126aus2nopirrkuẜchi;326nopirrkuẜchi;x;x;ihcẜukrripon
3;128;7;aus2;ẜajaukuẜchi;safe;l;;11;31287aus2ẜajaukuẜchi;37ẜajaukuẜchi;x;x;ihcẜukuajaẜ
3;56;12;aus2;ẜaukuẜchi;safe;l;;9;35612aus2ẜaukuẜchi;312ẜaukuẜchi;x;x;ihcẜukuaẜ
1;142;15;peri;ẜchmaͤluſchi;safe;l;;12;114215periẜchmaͤluſchi;115ẜchmaͤluſchi;x;x;ihcſulͤamhcẜ
1;174;16;aus2;ʒaͤluſchi;safe;l;;9;117416aus2ʒaͤluſchi;116ʒaͤluſchi;x;x;ihcſulͤaʒ
2;182;9;aus2;Ʒaͤluẜchi;safe;u;;9;21829aus2Ʒaͤluẜchi;29Ʒaͤluẜchi;x;x;ihcẜulͤaƷ
1;165;7;aus2;ʒaͤhluſchi;safe;l;;10;11657aus2ʒaͤhluſchi;17ʒaͤhluſchi;x;x;ihcſulhͤaʒ
1;3;15;aus1;ee⸗ʒaͤhluſchi;safe;l;;13;1315aus1ee⸗ʒaͤhluſchi;115ee⸗ʒaͤhluſchi;x;x;ihcſulhͤaʒ⸗ee
2;135;17;aus1;paʒehluẜchi;safe;l;;11;213517aus1paʒehluẜchi;217paʒehluẜchi;x;x;ihcẜulheʒap
3;172;25;aus2;kuhluẜchi;safe;l;;9;317225aus2kuhluẜchi;325kuhluẜchi;x;x;ihcẜulhuk
3;171;19;aus2;kuhluẜchi;safe;l;;9;317119aus2kuhluẜchi;319kuhluẜchi;x;x;ihcẜulhuk
3;113;30;aus2;kuhluẜchi;safe;l;;9;311330aus2kuhluẜchi;330kuhluẜchi;x;x;ihcẜulhuk
2;259;4;aus2;kuhluẜchi;safe;l;;9;22594aus2kuhluẜchi;24kuhluẜchi;x;x;ihcẜulhuk
1;413;27;aus2;apghulluẜchi;safe;l;;12;141327aus2apghulluẜchi;127apghulluẜchi;x;x;ihcẜulluhgpa
3;103;17;aus2;jaͤmuẜchi;safe;l;;9;310317aus2jaͤmuẜchi;317jaͤmuẜchi;x;x;ihcẜumͤaj
3;12;17;aus2;jaͤmuẜchi;safe;l;;9;31217aus2jaͤmuẜchi;317jaͤmuẜchi;x;x;ihcẜumͤaj
2;228;14;aus2;jaͤmuẜchi;safe;l;;9;222814aus2jaͤmuẜchi;214jaͤmuẜchi;x;x;ihcẜumͤaj
1;132;14;aus2;jaͤmuẜchi;safe;l;;9;113214aus2jaͤmuẜchi;114jaͤmuẜchi;x;x;ihcẜumͤaj
1;370;14;aus1;ẜajaͤmuẜchi;safe;l;;11;137014aus1ẜajaͤmuẜchi;114ẜajaͤmuẜchi;x;x;ihcẜumͤajaẜ
3;80;4;peri;jaͤhmuſchi;safe;l;;10;3804perijaͤhmuſchi;34jaͤhmuſchi;x;x;ihcſumhͤaj
3;211;11;aus2;jaͤhmuẜchi;safe;l;;10;321111aus2jaͤhmuẜchi;311jaͤhmuẜchi;x;x;ihcẜumhͤaj
3;135;29;aus2;jaͤhmuẜchi;safe;l;;10;313529aus2jaͤhmuẜchi;329jaͤhmuẜchi;x;x;ihcẜumhͤaj
3;119;16;peri;jaͤhmuẜchi;safe;l;;10;311916perijaͤhmuẜchi;316jaͤhmuẜchi;x;x;ihcẜumhͤaj
3;89;15;aus2;jaͤhmuẜchi;safe;l;;10;38915aus2jaͤhmuẜchi;315jaͤhmuẜchi;x;x;ihcẜumhͤaj
2;161;28;aus2;jaͤhmuẜchi;safe;l;;10;216128aus2jaͤhmuẜchi;228jaͤhmuẜchi;x;x;ihcẜumhͤaj
3;93;8;aus2;ẜajaͤhmuẜchi;safe;l;;12;3938aus2ẜajaͤhmuẜchi;38ẜajaͤhmuẜchi;x;x;ihcẜumhͤajaẜ
3;41;4;aus2;ẜajaͤhmuẜchi;safe;l;;12;3414aus2ẜajaͤhmuẜchi;34ẜajaͤhmuẜchi;x;x;ihcẜumhͤajaẜ
3;110;16;aus2;aisjaͤhmuẜchi;safe;l;;13;311016aus2aisjaͤhmuẜchi;316aisjaͤhmuẜchi;x;x;ihcẜumhͤajsia
3;134;31;aus2;ißjaͤhmuẜchi;safe;l;;12;313431aus2ißjaͤhmuẜchi;331ißjaͤhmuẜchi;x;x;ihcẜumhͤajßi
3;88;13;aus2;usjaͤhmuẜchi;safe;l;;12;38813aus2usjaͤhmuẜchi;313usjaͤhmuẜchi;x;x;ihcẜumhͤajsu
1;519;19;aus2;usjaͤhmuẜchi;safe;l;;12;151919aus2usjaͤhmuẜchi;119usjaͤhmuẜchi;x;x;ihcẜumhͤajsu
1;235;20;aus2;usjaͤhmuẜchi;safe;l;;12;123520aus2usjaͤhmuẜchi;120usjaͤhmuẜchi;x;x;ihcẜumhͤajsu
1;430;4;aus2;attjaͤmmuẜchi;safe;l;;13;14304aus2attjaͤmmuẜchi;14attjaͤmmuẜchi;x;x;ihcẜummͤajtta
1;455;22;aus2;nogrimmuẜchi;safe;l;;12;145522aus2nogrimmuẜchi;122nogrimmuẜchi;x;x;ihcẜummirgon
1;235;11;aus2;ee⸗ghrimmuẜchi;safe;l;;14;123511aus2ee⸗ghrimmuẜchi;111ee⸗ghrimmuẜchi;x;x;ihcẜummirhg⸗ee
2;97;17;aus2;eeghrimmuẜchi;safe;l;;13;29717aus2eeghrimmuẜchi;217eeghrimmuẜchi;x;x;ihcẜummirhgee
2;45;17;aus1;dſimmuẜchi;safe;l;;10;24517aus1dſimmuẜchi;217dſimmuẜchi;x;x;ihcẜummiſd
1;256;14;aus2;dſimmuẜchi;safe;l;;10;125614aus2dſimmuẜchi;114dſimmuẜchi;x;x;ihcẜummiſd
1;88;31;aus2;ee⸗dſimmuẜchi;safe;l;;13;18831aus2ee⸗dſimmuẜchi;131ee⸗dſimmuẜchi;x;x;ihcẜummiſd⸗ee
1;89;4;aus2;eedſimmuẜchi;safe;l;;12;1894aus2eedſimmuẜchi;14eedſimmuẜchi;x;x;ihcẜummiſdee
3;108;23;aus2;peedſimmuẜchi;safe;l;;13;310823aus2peedſimmuẜchi;323peedſimmuẜchi;x;x;ihcẜummiſdeep
2;91;11;aus2;peedſimmuẜchi;safe;l;;13;29111aus2peedſimmuẜchi;211peedſimmuẜchi;x;x;ihcẜummiſdeep
1;89;1;aus2;peedſimmuẜchi;safe;l;;13;1891aus2peedſimmuẜchi;11peedſimmuẜchi;x;x;ihcẜummiſdeep
1;88;29;aus2;peedſimmuẜchi;safe;l;;13;18829aus2peedſimmuẜchi;129peedſimmuẜchi;x;x;ihcẜummiſdeep
1;521;10;aus2;ſkummuẜchi;safe;l;;10;152110aus2ſkummuẜchi;110ſkummuẜchi;x;x;ihcẜummukſ
1;429;29;aus2;ſkummuẜchi;safe;l;;10;142929aus2ſkummuẜchi;129ſkummuẜchi;x;x;ihcẜummukſ
3;116;20;aus2;noſkummuſchi;safe;l;;12;311620aus2noſkummuſchi;320noſkummuſchi;x;x;ihcſummukſon
1;464;31;aus1;noſkummuſchi;safe;l;;12;146431aus1noſkummuſchi;131noſkummuſchi;x;x;ihcſummukſon
1;462;21;peri;noſkummuſchi;safe;l;;12;146221perinoſkummuſchi;121noſkummuſchi;x;x;ihcſummukſon
1;369;17;aus1;noſkummuſchi;safe;l;;12;136917aus1noſkummuſchi;117noſkummuſchi;x;x;ihcſummukſon
1;347;6;aus2;noſkummuſchi;safe;l;;12;13476aus2noſkummuſchi;16noſkummuſchi;x;x;ihcſummukſon
2;368;16;peri;noſkummuſchi;safe;l;;12;236816perinoſkummuſchi;216noſkummuſchi;x;x;ihcſummukſon
1;444;31;aus2;noẜkummuſchi;safe;l;;12;144431aus2noẜkummuſchi;131noẜkummuſchi;x;x;ihcſummukẜon
1;504;3;aus2;noſkummuẜchi;safe;l;;12;15043aus2noſkummuẜchi;13noſkummuẜchi;x;x;ihcẜummukſon
1;481;22;aus2;noſkummuẜchi;safe;l;;12;148122aus2noſkummuẜchi;122noſkummuẜchi;x;x;ihcẜummukſon
1;473;29;aus2;noſkummuẜchi;safe;l;;12;147329aus2noſkummuẜchi;129noſkummuẜchi;x;x;ihcẜummukſon
1;473;12;aus2;noſkummuẜchi;safe;l;;12;147312aus2noſkummuẜchi;112noſkummuẜchi;x;x;ihcẜummukſon
1;469;5;aus2;noſkummuẜchi;safe;l;;12;14695aus2noſkummuẜchi;15noſkummuẜchi;x;x;ihcẜummukſon
1;430;7;aus2;noſkummuẜchi;safe;l;;12;14307aus2noſkummuẜchi;17noſkummuẜchi;x;x;ihcẜummukſon
1;430;6;aus2;noſkummuẜchi;safe;l;;12;14306aus2noſkummuẜchi;16noſkummuẜchi;x;x;ihcẜummukſon
1;427;31;aus2;noſkummuẜchi;safe;l;;12;142731aus2noſkummuẜchi;131noſkummuẜchi;x;x;ihcẜummukſon
1;427;30;aus2;noſkummuẜchi;safe;l;;12;142730aus2noſkummuẜchi;130noſkummuẜchi;x;x;ihcẜummukſon
1;423;22;aus2;noſkummuẜchi;safe;l;;12;142322aus2noſkummuẜchi;122noſkummuẜchi;x;x;ihcẜummukſon
1;418;13;peri;noſkummuẜchi;safe;l;;12;141813perinoſkummuẜchi;113noſkummuẜchi;x;x;ihcẜummukſon
1;365;27;aus2;noſkummuẜchi;safe;l;;12;136527aus2noſkummuẜchi;127noſkummuẜchi;x;x;ihcẜummukſon
1;236;28;aus2;noſkummuẜchi;safe;l;;12;123628aus2noſkummuẜchi;128noſkummuẜchi;x;x;ihcẜummukſon
1;124;10;aus2;noſkummuẜchi;safe;l;;12;112410aus2noſkummuẜchi;110noſkummuẜchi;x;x;ihcẜummukſon
1;56;18;aus2;noſkummuẜchi;safe;l;;12;15618aus2noſkummuẜchi;118noſkummuẜchi;x;x;ihcẜummukſon
2;349;11;aus2;noſkummuẜchi;safe;l;;12;234911aus2noſkummuẜchi;211noſkummuẜchi;x;x;ihcẜummukſon
3;188;16;aus2;dſiñuẜchi;safe;l;;9;318816aus2dſiñuẜchi;316dſiñuẜchi;x;x;ihcẜuñiſd
1;212;4;aus1;paſinnuẜchi;safe;l;;11;12124aus1paſinnuẜchi;14paſinnuẜchi;x;x;ihcẜunniſap
3;99;17;aus2;dſinnuẜchi;safe;l;;10;39917aus2dſinnuẜchi;317dſinnuẜchi;x;x;ihcẜunniſd
2;151;16;aus2;iß⸗dſinnuẜchi;safe;l;;13;215116aus2iß⸗dſinnuẜchi;216iß⸗dſinnuẜchi;x;x;ihcẜunniſd⸗ßi
2;424;14;aus2;nohſt⸗dſinnuẜchi;safe;l;;16;242414aus2nohſt⸗dſinnuẜchi;214nohſt⸗dſinnuẜchi;x;x;ihcẜunniſd⸗tſhon
2;190;31;aus2;adſinnuẜchi;safe;l;;11;219031aus2adſinnuẜchi;231adſinnuẜchi;x;x;ihcẜunniſda
1;235;19;aus2;adſinnuẜchi;safe;l;;11;123519aus2adſinnuẜchi;119adſinnuẜchi;x;x;ihcẜunniſda
2;407;12;aus1;adſinnuẜchi;safe;l;;11;240712aus1adſinnuẜchi;212adſinnuẜchi;x;x;ihcẜunniſda
2;147;2;peri;ißdſinnuſchi;safe;l;;12;21472periißdſinnuſchi;22ißdſinnuſchi;x;x;ihcſunniſdßi
2;164;28;aus2;ißdſinnuẜchi;safe;l;;12;216428aus2ißdſinnuẜchi;228ißdſinnuẜchi;x;x;ihcẜunniſdßi
2;163;27;aus2;ißdſinnuẜchi;safe;l;;12;216327aus2ißdſinnuẜchi;227ißdſinnuẜchi;x;x;ihcẜunniſdßi
2;153;5;aus2;ißdſinnuẜchi;safe;l;;12;21535aus2ißdſinnuẜchi;25ißdſinnuẜchi;x;x;ihcẜunniſdßi
1;452;4;aus2;attſinnuẜchi;safe;l;;12;14524aus2attſinnuẜchi;14attſinnuẜchi;x;x;ihcẜunniſtta
3;182;29;aus2;aptinnuẜchi;safe;l;;11;318229aus2aptinnuẜchi;329aptinnuẜchi;x;x;ihcẜunnitpa
2;91;12;aus2;puẜchi;safe;l;;6;29112aus2puẜchi;212puẜchi;x;x;ihcẜup
1;294;17;aus2;puẜchi;safe;l;;6;129417aus2puẜchi;117puẜchi;x;x;ihcẜup
1;47;23;aus2;puẜchi;safe;l;;6;14723aus2puẜchi;123puẜchi;x;x;ihcẜup
2;228;13;aus2;pahrkapuẜchi;safe;l;;12;222813aus2pahrkapuẜchi;213pahrkapuẜchi;x;x;ihcẜupakrhap
2;181;14;aus2;pahrkapuẜchi;safe;l;;12;218114aus2pahrkapuẜchi;214pahrkapuẜchi;x;x;ihcẜupakrhap
1;188;30;aus2;eekahpuẜchi;safe;l;;11;118830aus2eekahpuẜchi;130eekahpuẜchi;x;x;ihcẜuphakee
2;177;12;aus2;pahrkahpuẜchi;safe;l;;13;217712aus2pahrkahpuẜchi;212pahrkahpuẜchi;x;x;ihcẜuphakrhap
2;116;22;aus2;pahrkahpuẜchi;safe;l;;13;211622aus2pahrkahpuẜchi;222pahrkahpuẜchi;x;x;ihcẜuphakrhap
2;114;29;aus2;pahrkahpuẜchi;safe;l;;13;211429aus2pahrkahpuẜchi;229pahrkahpuẜchi;x;x;ihcẜuphakrhap
2;428;21;aus2;pahrkahpuẜchi;safe;l;;13;242821aus2pahrkahpuẜchi;221pahrkahpuẜchi;x;x;ihcẜuphakrhap
3;181;13;aus2;attkahpuẜchi;safe;l;;12;318113aus2attkahpuẜchi;313attkahpuẜchi;x;x;ihcẜuphaktta
2;165;2;aus2;attkahpuẜchi;safe;l;;12;21652aus2attkahpuẜchi;22attkahpuẜchi;x;x;ihcẜuphaktta
1;470;4;aus2;attkahpuẜchi;safe;l;;12;14704aus2attkahpuẜchi;14attkahpuẜchi;x;x;ihcẜuphaktta
2;283;31;aus2;attkahpuẜchi;safe;l;;12;228331aus2attkahpuẜchi;231attkahpuẜchi;x;x;ihcẜuphaktta
2;172;3;aus1;ẜakohpuẜchi;safe;l;;11;21723aus1ẜakohpuẜchi;23ẜakohpuẜchi;x;x;ihcẜuphokaẜ
3;89;30;aus2;ẜakampuẜchi;safe;l;;11;38930aus2ẜakampuẜchi;330ẜakampuẜchi;x;x;ihcẜupmakaẜ
3;15;14;aus2;ẜakampuẜchi;safe;l;;11;31514aus2ẜakampuẜchi;314ẜakampuẜchi;x;x;ihcẜupmakaẜ
2;238;3;peri;tappuſchi;safe;l;;9;22383peritappuſchi;23tappuſchi;x;x;ihcſuppat
2;206;28;aus2;tappuſchi;safe;l;;9;220628aus2tappuſchi;228tappuſchi;x;x;ihcſuppat
1;245;13;aus2;tappuſchi;safe;l;;9;124513aus2tappuſchi;113tappuſchi;x;x;ihcſuppat
2;330;10;aus2;tappuſchi;safe;l;;9;233010aus2tappuſchi;210tappuſchi;x;x;ihcſuppat
3;204;23;aus2;tappuẜchi;safe;l;;9;320423aus2tappuẜchi;323tappuẜchi;x;x;ihcẜuppat
3;188;6;aus2;tappuẜchi;safe;l;;9;31886aus2tappuẜchi;36tappuẜchi;x;x;ihcẜuppat
3;40;5;aus2;tappuẜchi;safe;l;;9;3405aus2tappuẜchi;35tappuẜchi;x;x;ihcẜuppat
3;22;4;aus2;tappuẜchi;safe;l;;9;3224aus2tappuẜchi;34tappuẜchi;x;x;ihcẜuppat
2;249;9;aus2;tappuẜchi;safe;l;;9;22499aus2tappuẜchi;29tappuẜchi;x;x;ihcẜuppat
2;228;11;aus2;tappuẜchi;safe;l;;9;222811aus2tappuẜchi;211tappuẜchi;x;x;ihcẜuppat
1;393;23;aus2;tappuẜchi;safe;l;;9;139323aus2tappuẜchi;123tappuẜchi;x;x;ihcẜuppat
1;369;30;aus1;tappuẜchi;safe;l;;9;136930aus1tappuẜchi;130tappuẜchi;x;x;ihcẜuppat
1;299;17;aus2;tappuẜchi;safe;l;;9;129917aus2tappuẜchi;117tappuẜchi;x;x;ihcẜuppat
1;119;1;aus2;tappuẜchi;safe;l;;9;11191aus2tappuẜchi;11tappuẜchi;x;x;ihcẜuppat
3;46;21;aus2;peelippuẜchi;safe;l;;12;34621aus2peelippuẜchi;321peelippuẜchi;x;x;ihcẜuppileep
1;265;23;aus2;abtaͤhrpuẜchi;safe;l;;13;126523aus2abtaͤhrpuẜchi;123abtaͤhrpuẜchi;x;x;ihcẜuprhͤatba
2;417;11;peri;aptaͤhrpuſchi;safe;l;;13;241711periaptaͤhrpuſchi;211aptaͤhrpuſchi;x;x;ihcſuprhͤatpa
2;417;18;peri;aptaͤhrpuſchi;safe;l;;13;241718periaptaͤhrpuſchi;218aptaͤhrpuſchi;x;x;ihcſuprhͤatpa
2;418;8;peri;aptaͤhrpuſchi;safe;l;;13;24188periaptaͤhrpuſchi;28aptaͤhrpuſchi;x;x;ihcſuprhͤatpa
2;427;21;aus2;aptaͤhrpuẜchi;safe;l;;13;242721aus2aptaͤhrpuẜchi;221aptaͤhrpuẜchi;x;x;ihcẜuprhͤatpa
2;259;3;aus2;aruẜchi;safe;l;;7;22593aus2aruẜchi;23aruẜchi;x;x;ihcẜura
1;142;18;peri;peedſaͤruſchi;safe;l;;13;114218peripeedſaͤruſchi;118peedſaͤruſchi;x;x;ihcſurͤaſdeep
3;200;3;aus2;peedſaͤruẜchi;safe;l;;13;32003aus2peedſaͤruẜchi;33peedſaͤruẜchi;x;x;ihcẜurͤaſdeep
2;142;25;aus2;ißdſaͤruẜchi;safe;l;;12;214225aus2ißdſaͤruẜchi;225ißdſaͤruẜchi;x;x;ihcẜurͤaſdßi
3;108;28;aus2;ẜa⸗twaͤruẜchi;safe;l;;13;310828aus2ẜa⸗twaͤruẜchi;328ẜa⸗twaͤruẜchi;x;x;ihcẜurͤawt⸗aẜ
2;383;4;aus2;nokahruẜchi;safe;l;;11;23834aus2nokahruẜchi;24nokahruẜchi;x;x;ihcẜurhakon
1;421;1;aus1;dſaͤhruẜchi;safe;l;;11;14211aus1dſaͤhruẜchi;11dſaͤhruẜchi;x;x;ihcẜurhͤaſd
3;193;26;peri;duhruſchi;safe;l;;9;319326periduhruſchi;326duhruſchi;x;x;ihcſurhud
3;145;14;peri;duhruſchi;safe;l;;9;314514periduhruſchi;314duhruſchi;x;x;ihcſurhud
3;33;25;peri;kuhruſchi;safe;l;;9;33325perikuhruſchi;325kuhruſchi;x;x;ihcſurhuk
3;59;14;peri;kuhruẜchi;safe;l;;9;35914perikuhruẜchi;314kuhruẜchi;x;x;ihcẜurhuk
3;99;16;aus2;arruẜchi;safe;l;;8;39916aus2arruẜchi;316arruẜchi;x;x;ihcẜurra
3;163;8;aus2;mirruẜchi;safe;l;;9;31638aus2mirruẜchi;38mirruẜchi;x;x;ihcẜurrim
3;10;6;aus2;mirruẜchi;safe;l;;9;3106aus2mirruẜchi;36mirruẜchi;x;x;ihcẜurrim
2;19;7;aus2;mirruẜchi;safe;l;;9;2197aus2mirruẜchi;27mirruẜchi;x;x;ihcẜurrim
1;107;10;aus2;mirruẜchi;safe;l;;9;110710aus2mirruẜchi;110mirruẜchi;x;x;ihcẜurrim
2;412;31;aus2;mirruẜchi;safe;l;;9;241231aus2mirruẜchi;231mirruẜchi;x;x;ihcẜurrim
1;54;19;aus2;pa⸗mirruẜchi;safe;l;;12;15419aus2pa⸗mirruẜchi;119pa⸗mirruẜchi;x;x;ihcẜurrim⸗ap
1;340;9;peri;nomirruſchi;safe;l;;11;13409perinomirruſchi;19nomirruſchi;x;x;ihcſurrimon
2;321;27;aus2;nomirruſchi;safe;l;;11;232127aus2nomirruſchi;227nomirruſchi;x;x;ihcſurrimon
2;322;28;aus2;Nomirruſchi;safe;u;;11;232228aus2Nomirruſchi;228Nomirruſchi;x;x;ihcſurrimoN
3;201;10;aus2;nomirruẜchi;safe;l;;11;320110aus2nomirruẜchi;310nomirruẜchi;x;x;ihcẜurrimon
2;229;29;aus2;nomirruẜchi;safe;l;;11;222929aus2nomirruẜchi;229nomirruẜchi;x;x;ihcẜurrimon
1;413;27;aus2;nomirruẜchi;safe;l;;11;141327aus2nomirruẜchi;127nomirruẜchi;x;x;ihcẜurrimon
1;399;23;aus2;nomirruẜchi;safe;l;;11;139923aus2nomirruẜchi;123nomirruẜchi;x;x;ihcẜurrimon
1;101;5;aus1;nomirruẜchi;safe;l;;11;11015aus1nomirruẜchi;15nomirruẜchi;x;x;ihcẜurrimon
1;100;18;aus1;nomirruẜchi;safe;l;;11;110018aus1nomirruẜchi;118nomirruẜchi;x;x;ihcẜurrimon
1;36;30;aus2;nomirruẜchi;safe;l;;11;13630aus2nomirruẜchi;130nomirruẜchi;x;x;ihcẜurrimon
2;96;31;aus2;plieẜuſchi;safe;l;;10;29631aus2plieẜuſchi;231plieẜuſchi;x;x;ihcſuẜeilp
1;154;12;aus2;pee⸗joſuẜchi;safe;l;;12;115412aus2pee⸗joſuẜchi;112pee⸗joſuẜchi;x;x;ihcẜuſoj⸗eep
2;38;22;aus2;aismirrẜuẜchi;safe;l;;13;23822aus2aismirrẜuẜchi;222aismirrẜuẜchi;x;x;ihcẜuẜrrimsia
2;18;10;aus1;naͤſẜuẜchi;safe;l;;10;21810aus1naͤſẜuẜchi;210naͤſẜuẜchi;x;x;ihcẜuẜſͤan
3;47;9;aus2;nonaͤſẜuſchi;safe;l;;12;3479aus2nonaͤſẜuſchi;39nonaͤſẜuſchi;x;x;ihcſuẜſͤanon
1;368;2;peri;attriſẜuſchi;safe;l;;12;13682periattriſẜuſchi;12attriſẜuſchi;x;x;ihcſuẜſirtta
2;90;1;aus2;peekuſẜuẜchi;safe;l;;12;2901aus2peekuſẜuẜchi;21peekuſẜuẜchi;x;x;ihcẜuẜſukeep
1;172;16;aus1;tuẜchi;safe;l;;6;117216aus1tuẜchi;116tuẜchi;x;x;ihcẜut
1;145;6;aus2;tuẜchi;safe;l;;6;11456aus2tuẜchi;16tuẜchi;x;x;ihcẜut
3;154;31;aus2;attplaͤtuẜchi;safe;l;;13;315431aus2attplaͤtuẜchi;331attplaͤtuẜchi;x;x;ihcẜutͤalptta
1;241;3;peri;ʒeetuſchi;safe;l;;9;12413periʒeetuſchi;13ʒeetuſchi;x;x;ihcſuteeʒ
3;19;26;aus2;ʒeetuẜchi;safe;l;;9;31926aus2ʒeetuẜchi;326ʒeetuẜchi;x;x;ihcẜuteeʒ
3;19;25;aus2;ʒeetuẜchi;safe;l;;9;31925aus2ʒeetuẜchi;325ʒeetuẜchi;x;x;ihcẜuteeʒ
1;429;13;aus2;ʒeetuẜchi;safe;l;;9;142913aus2ʒeetuẜchi;113ʒeetuẜchi;x;x;ihcẜuteeʒ
1;278;15;aus2;ʒeetuẜchi;safe;l;;9;127815aus2ʒeetuẜchi;115ʒeetuẜchi;x;x;ihcẜuteeʒ
1;247;10;aus2;ʒeetuẜchi;safe;l;;9;124710aus2ʒeetuẜchi;110ʒeetuẜchi;x;x;ihcẜuteeʒ
1;184;27;aus2;ʒeetuẜchi;safe;l;;9;118427aus2ʒeetuẜchi;127ʒeetuẜchi;x;x;ihcẜuteeʒ
1;184;25;aus2;ʒeetuẜchi;safe;l;;9;118425aus2ʒeetuẜchi;125ʒeetuẜchi;x;x;ihcẜuteeʒ
1;179;11;aus2;ʒeetuẜchi;safe;l;;9;117911aus2ʒeetuẜchi;111ʒeetuẜchi;x;x;ihcẜuteeʒ
1;178;31;aus2;ʒeetuẜchi;safe;l;;9;117831aus2ʒeetuẜchi;131ʒeetuẜchi;x;x;ihcẜuteeʒ
2;291;15;aus2;ʒeetuẜchi;safe;l;;9;229115aus2ʒeetuẜchi;215ʒeetuẜchi;x;x;ihcẜuteeʒ
2;395;8;aus2;ʒeetuẜchi;safe;l;;9;23958aus2ʒeetuẜchi;28ʒeetuẜchi;x;x;ihcẜuteeʒ
1;265;3;aus2;ẜakalltuẜchi;safe;l;;12;12653aus2ẜakalltuẜchi;13ẜakalltuẜchi;x;x;ihcẜutllakaẜ
3;151;6;aus2;ißkalltuẜchi;safe;l;;12;31516aus2ißkalltuẜchi;36ißkalltuẜchi;x;x;ihcẜutllakßi
3;201;30;aus2;plieſtuſchi;safe;l;;11;320130aus2plieſtuſchi;330plieſtuſchi;x;x;ihcſutſeilp
3;140;20;peri;maͤttuſchi;safe;l;;10;314020perimaͤttuſchi;320maͤttuſchi;x;x;ihcſuttͤam
1;466;10;aus2;maͤttuſchi;safe;l;;10;146610aus2maͤttuſchi;110maͤttuſchi;x;x;ihcſuttͤam
3;154;20;aus2;maͤttuẜchi;safe;l;;10;315420aus2maͤttuẜchi;320maͤttuẜchi;x;x;ihcẜuttͤam
1;136;26;aus2;pamaͤttuẜchi;safe;l;;12;113626aus2pamaͤttuẜchi;126pamaͤttuẜchi;x;x;ihcẜuttͤamap
1;166;31;aus2;usmaͤttuẜchi;safe;l;;12;116631aus2usmaͤttuẜchi;131usmaͤttuẜchi;x;x;ihcẜuttͤamsu
2;384;4;aus2;attmaͤttuẜchi;safe;l;;13;23844aus2attmaͤttuẜchi;24attmaͤttuẜchi;x;x;ihcẜuttͤamtta
2;192;27;aus2;krittuẜchi;safe;l;;10;219227aus2krittuẜchi;227krittuẜchi;x;x;ihcẜuttirk
1;81;17;aus2;krittuẜchi;safe;l;;10;18117aus2krittuẜchi;117krittuẜchi;x;x;ihcẜuttirk
1;54;20;aus2;krittuẜchi;safe;l;;10;15420aus2krittuẜchi;120krittuẜchi;x;x;ihcẜuttirk
1;145;26;aus2;ee⸗krittuẜchi;safe;l;;13;114526aus2ee⸗krittuẜchi;126ee⸗krittuẜchi;x;x;ihcẜuttirk⸗ee
1;55;16;aus2;ee⸗krittuẜchi;safe;l;;13;15516aus2ee⸗krittuẜchi;116ee⸗krittuẜchi;x;x;ihcẜuttirk⸗ee
2;370;17;aus2;eekrittuſchi;safe;l;;12;237017aus2eekrittuſchi;217eekrittuſchi;x;x;ihcſuttirkee
2;96;31;aus2;nokrittuẜchi;safe;l;;12;29631aus2nokrittuẜchi;231nokrittuẜchi;x;x;ihcẜuttirkon
3;171;21;aus2;ẜittuſchi;safe;l;;9;317121aus2ẜittuſchi;321ẜittuſchi;x;x;ihcſuttiẜ
3;154;8;aus2;ẜittuſchi;safe;l;;9;31548aus2ẜittuſchi;38ẜittuſchi;x;x;ihcſuttiẜ
1;419;9;peri;ẜittuſchi;safe;l;;9;14199periẜittuſchi;19ẜittuſchi;x;x;ihcſuttiẜ
3;168;4;aus2;ẜittuẜchi;safe;l;;9;31684aus2ẜittuẜchi;34ẜittuẜchi;x;x;ihcẜuttiẜ
3;151;31;aus2;ẜittuẜchi;safe;l;;9;315131aus2ẜittuẜchi;331ẜittuẜchi;x;x;ihcẜuttiẜ
2;332;17;aus2;pee⸗ẜittuſchi;safe;l;;13;233217aus2pee⸗ẜittuſchi;217pee⸗ẜittuſchi;x;x;ihcſuttiẜ⸗eep
1;269;22;aus2;pe⸗ẜittuẜchi;safe;l;;12;126922aus2pe⸗ẜittuẜchi;122pe⸗ẜittuẜchi;x;x;ihcẜuttiẜ⸗ep
1;184;5;aus2;juttuſchi;safe;l;;9;11845aus2juttuſchi;15juttuſchi;x;x;ihcſuttuj
2;195;4;aus2;juttuẜchi;safe;l;;9;21954aus2juttuẜchi;24juttuẜchi;x;x;ihcẜuttuj
1;183;31;aus2;juttuẜchi;safe;l;;9;118331aus2juttuẜchi;131juttuẜchi;x;x;ihcẜuttuj
3;172;25;aus2;ẜchautuẜchi;safe;l;;11;317225aus2ẜchautuẜchi;325ẜchautuẜchi;x;x;ihcẜutuahcẜ
3;171;19;aus2;ẜchautuẜchi;safe;l;;11;317119aus2ẜchautuẜchi;319ẜchautuẜchi;x;x;ihcẜutuahcẜ
3;108;27;aus2;kļuuẜchi;safe;l;;8;310827aus2kļuuẜchi;327kļuuẜchi;x;x;ihcẜuuļk
3;92;22;aus2;nodawuẜchi;safe;l;;10;39222aus2nodawuẜchi;322nodawuẜchi;x;x;ihcẜuwadon
3;80;7;peri;daͤwuſchi;safe;l;;9;3807peridaͤwuſchi;37daͤwuſchi;x;x;ihcſuwͤad
1;443;31;aus2;daͤwuſchi;safe;l;;9;144331aus2daͤwuſchi;131daͤwuſchi;x;x;ihcſuwͤad
3;174;26;aus2;daͤwuẜchi;safe;l;;9;317426aus2daͤwuẜchi;326daͤwuẜchi;x;x;ihcẜuwͤad
3;135;31;aus2;daͤwuẜchi;safe;l;;9;313531aus2daͤwuẜchi;331daͤwuẜchi;x;x;ihcẜuwͤad
3;134;5;aus2;daͤwuẜchi;safe;l;;9;31345aus2daͤwuẜchi;35daͤwuẜchi;x;x;ihcẜuwͤad
3;119;19;peri;daͤwuẜchi;safe;l;;9;311919peridaͤwuẜchi;319daͤwuẜchi;x;x;ihcẜuwͤad
2;183;12;aus2;daͤwuẜchi;safe;l;;9;218312aus2daͤwuẜchi;212daͤwuẜchi;x;x;ihcẜuwͤad
2;182;6;aus2;daͤwuẜchi;safe;l;;9;21826aus2daͤwuẜchi;26daͤwuẜchi;x;x;ihcẜuwͤad
2;176;14;aus2;daͤwuẜchi;safe;l;;9;217614aus2daͤwuẜchi;214daͤwuẜchi;x;x;ihcẜuwͤad
3;134;25;aus2;iß⸗daͤwuẜchi;safe;l;;12;313425aus2iß⸗daͤwuẜchi;325iß⸗daͤwuẜchi;x;x;ihcẜuwͤad⸗ßi
3;83;24;peri;nodaͤwuſchi;safe;l;;11;38324perinodaͤwuſchi;324nodaͤwuſchi;x;x;ihcſuwͤadon
3;93;9;aus2;nodaͤwuẜchi;safe;l;;11;3939aus2nodaͤwuẜchi;39nodaͤwuẜchi;x;x;ihcẜuwͤadon
1;419;8;peri;nodaͤwuẜchi;safe;l;;11;14198perinodaͤwuẜchi;18nodaͤwuẜchi;x;x;ihcẜuwͤadon
3;89;31;aus2;nokahwuẜchi;safe;l;;11;38931aus2nokahwuẜchi;331nokahwuẜchi;x;x;ihcẜuwhakon
2;192;11;aus2;nokahwuẜchi;safe;l;;11;219211aus2nokahwuẜchi;211nokahwuẜchi;x;x;ihcẜuwhakon
2;259;4;aus2;pļahwuẜchi;safe;l;;10;22594aus2pļahwuẜchi;24pļahwuẜchi;x;x;ihcẜuwhaļp
1;330;20;aus2;daͤhwuſchi;safe;l;;10;133020aus2daͤhwuſchi;120daͤhwuſchi;x;x;ihcſuwhͤad
3;204;22;aus2;ẜappuwuẜchi;safe;l;;11;320422aus2ẜappuwuẜchi;322ẜappuwuẜchi;x;x;ihcẜuwuppaẜ
1;2;2;peri;attraiſẜiyuſchi;safe;l;;15;122periattraiſẜiyuſchi;12attraiſẜiyuſchi;x;x;ihcſuyiẜſiartta
1;222;4;peri;kļu⸗uſẜi;safe;l;;8;12224perikļu⸗uſẜi;14kļu⸗uſẜi;x;x;iẜſu⸗uļk
1;472;21;aus2;buſẜi;safe;l;;5;147221aus2buſẜi;121buſẜi;x;x;iẜſub
1;105;24;aus2;Paddebbuſẜi;safe;u;;11;110524aus2Paddebbuſẜi;124Paddebbuſẜi;x;x;iẜſubbeddaP
1;102;17;aus2;aisghrahbuſẜi;safe;l;;13;110217aus2aisghrahbuſẜi;117aisghrahbuſẜi;x;x;iẜſubharhgsia
2;61;22;aus1;attradduſẜi;safe;l;;11;26122aus1attradduſẜi;222attradduſẜi;x;x;iẜſuddartta
2;61;3;peri;attradduſẜi;safe;l;;11;2613periattradduſẜi;23attradduſẜi;x;x;iẜſuddartta
2;60;26;peri;attradduſẜi;safe;l;;11;26026periattradduſẜi;226attradduſẜi;x;x;iẜſuddartta
1;354;3;peri;attradduſẜi;safe;l;;11;13543periattradduſẜi;13attradduſẜi;x;x;iẜſuddartta
1;422;9;aus1;paſudduſẜi;safe;l;;10;14229aus1paſudduſẜi;19paſudduſẜi;x;x;iẜſudduſap
2;60;17;peri;paẜudduſẜi;safe;l;;10;26017peripaẜudduſẜi;217paẜudduſẜi;x;x;iẜſudduẜap
1;536;13;aus2;ſpeeduſẜi;safe;l;;9;153613aus2ſpeeduſẜi;113ſpeeduſẜi;x;x;iẜſudeepſ
2;40;8;aus2;pee⸗breeduſẜi;safe;l;;13;2408aus2pee⸗breeduſẜi;28pee⸗breeduſẜi;x;x;iẜſudeerb⸗eep
2;69;28;aus2;ißklieduſẜi;safe;l;;11;26928aus2ißklieduſẜi;228ißklieduſẜi;x;x;iẜſudeilkßi
1;458;11;aus2;ſpeduſẜi;safe;l;;8;145811aus2ſpeduſẜi;111ſpeduſẜi;x;x;iẜſudepſ
2;316;8;aus2;ehduſẜi;safe;l;;7;23168aus2ehduſẜi;28ehduſẜi;x;x;iẜſudhe
3;150;14;aus2;aͤhduſẜi;safe;l;;8;315014aus2aͤhduſẜi;314aͤhduſẜi;x;x;iẜſudhͤa
1;460;4;aus2;aͤhduſẜi;safe;l;;8;14604aus2aͤhduſẜi;14aͤhduſẜi;x;x;iẜſudhͤa
2;224;25;aus1;pee⸗aͤhduſẜi;safe;l;;12;222425aus1pee⸗aͤhduſẜi;225pee⸗aͤhduſẜi;x;x;iẜſudhͤa⸗eep
1;545;20;aus2;ap⸗aͤhduſẜi;safe;l;;11;154520aus2ap⸗aͤhduſẜi;120ap⸗aͤhduſẜi;x;x;iẜſudhͤa⸗pa
2;144;4;aus2;ghruhduſẜi;safe;l;;10;21444aus2ghruhduſẜi;24ghruhduſẜi;x;x;iẜſudhurhg
1;428;12;aus2;daͤgguſẜi;safe;l;;9;142812aus2daͤgguſẜi;112daͤgguſẜi;x;x;iẜſuggͤad
1;168;8;aus2;baͤghuſẜi;safe;l;;9;11688aus2baͤghuſẜi;18baͤghuſẜi;x;x;iẜſuhgͤab
2;193;29;aus2;ſprahghuſẜi;safe;l;;11;219329aus2ſprahghuſẜi;229ſprahghuſẜi;x;x;iẜſuhgharpſ
1;455;27;aus2;ißbaͤhghuſẜi;safe;l;;12;145527aus2ißbaͤhghuſẜi;127ißbaͤhghuſẜi;x;x;iẜſuhghͤabßi
1;149;19;aus2;luhghuſẜi;safe;l;;9;114919aus2luhghuſẜi;119luhghuſẜi;x;x;iẜſuhghul
1;205;27;aus2;us⸗aughuſẜi;safe;l;;11;120527aus2us⸗aughuſẜi;127us⸗aughuſẜi;x;x;iẜſuhgua⸗su
3;174;18;aus2;juſẜi;safe;l;;5;317418aus2juſẜi;318juſẜi;x;x;iẜſuj
3;150;14;aus2;juſẜi;safe;l;;5;315014aus2juſẜi;314juſẜi;x;x;iẜſuj
3;106;15;aus2;juſẜi;safe;l;;5;310615aus2juſẜi;315juſẜi;x;x;iẜſuj
2;154;13;aus2;juſẜi;safe;l;;5;215413aus2juſẜi;213juſẜi;x;x;iẜſuj
2;142;27;aus2;juſẜi;safe;l;;5;214227aus2juſẜi;227juſẜi;x;x;iẜſuj
2;24;24;aus2;juſẜi;safe;l;;5;22424aus2juſẜi;224juſẜi;x;x;iẜſuj
1;337;17;aus2;juſẜi;safe;l;;5;133717aus2juſẜi;117juſẜi;x;x;iẜſuj
2;267;14;aus1;juſẜi;safe;l;;5;226714aus1juſẜi;214juſẜi;x;x;iẜſuj
2;352;20;aus2;juſẜi;safe;l;;5;235220aus2juſẜi;220juſẜi;x;x;iẜſuj
2;371;11;aus2;juſẜi;safe;l;;5;237111aus2juſẜi;211juſẜi;x;x;iẜſuj
2;268;27;aus2;raudajuſẜi;safe;l;;10;226827aus2raudajuſẜi;227raudajuſẜi;x;x;iẜſujaduar
2;240;1;aus2;daggajuſẜi;safe;l;;10;22401aus2daggajuſẜi;21daggajuſẜi;x;x;iẜſujaggad
2;156;15;aus2;daggajuſẜi;safe;l;;10;215615aus2daggajuſẜi;215daggajuſẜi;x;x;iẜſujaggad
1;462;17;peri;daggajuſẜi;safe;l;;10;146217peridaggajuſẜi;117daggajuſẜi;x;x;iẜſujaggad
1;350;23;aus2;daggajuſẜi;safe;l;;10;135023aus2daggajuſẜi;123daggajuſẜi;x;x;iẜſujaggad
1;196;27;aus2;daggajuſẜi;safe;l;;10;119627aus2daggajuſẜi;127daggajuſẜi;x;x;iẜſujaggad
1;106;17;aus2;daggajuſẜi;safe;l;;10;110617aus2daggajuſẜi;117daggajuſẜi;x;x;iẜſujaggad
1;19;28;aus2;daggajuſẜi;safe;l;;10;11928aus2daggajuſẜi;128daggajuſẜi;x;x;iẜſujaggad
1;18;19;aus2;daggajuſẜi;safe;l;;10;11819aus2daggajuſẜi;119daggajuſẜi;x;x;iẜſujaggad
3;186;23;aus2;ghajuſẜi;safe;l;;8;318623aus2ghajuſẜi;323ghajuſẜi;x;x;iẜſujahg
3;153;17;aus2;ghajuſẜi;safe;l;;8;315317aus2ghajuſẜi;317ghajuſẜi;x;x;iẜſujahg
3;118;15;peri;ghajuſẜi;safe;l;;8;311815perighajuſẜi;315ghajuſẜi;x;x;iẜſujahg
2;230;20;aus2;ghajuſẜi;safe;l;;8;223020aus2ghajuſẜi;220ghajuſẜi;x;x;iẜſujahg
2;94;6;aus2;ghajuſẜi;safe;l;;8;2946aus2ghajuſẜi;26ghajuſẜi;x;x;iẜſujahg
2;90;4;aus2;ghajuſẜi;safe;l;;8;2904aus2ghajuſẜi;24ghajuſẜi;x;x;iẜſujahg
1;522;15;aus2;ghajuſẜi;safe;l;;8;152215aus2ghajuſẜi;115ghajuſẜi;x;x;iẜſujahg
1;155;18;aus2;da⸗ghajuſẜi;safe;l;;11;115518aus2da⸗ghajuſẜi;118da⸗ghajuſẜi;x;x;iẜſujahg⸗ad
1;336;2;aus2;pa⸗ghajuſẜi;safe;l;;11;13362aus2pa⸗ghajuſẜi;12pa⸗ghajuſẜi;x;x;iẜſujahg⸗ap
1;504;16;aus2;pee⸗ghajuſẜi;safe;l;;12;150416aus2pee⸗ghajuſẜi;116pee⸗ghajuſẜi;x;x;iẜſujahg⸗eep
1;118;29;aus2;iß⸗ghajuſẜi;safe;l;;11;111829aus2iß⸗ghajuſẜi;129iß⸗ghajuſẜi;x;x;iẜſujahg⸗ßi
3;186;22;aus2;paghajuſẜi;safe;l;;10;318622aus2paghajuſẜi;322paghajuſẜi;x;x;iẜſujahgap
3;70;11;aus1;paghajuſẜi;safe;l;;10;37011aus1paghajuſẜi;311paghajuſẜi;x;x;iẜſujahgap
1;442;2;aus2;paghajuſẜi;safe;l;;10;14422aus2paghajuſẜi;12paghajuſẜi;x;x;iẜſujahgap
3;62;13;aus1;ẜaghajuſẜi;safe;l;;10;36213aus1ẜaghajuſẜi;313ẜaghajuſẜi;x;x;iẜſujahgaẜ
3;190;7;aus2;peeghajuſẜi;safe;l;;11;31907aus2peeghajuſẜi;37peeghajuſẜi;x;x;iẜſujahgeep
2;291;8;aus2;peeghajuſẜi;safe;l;;11;22918aus2peeghajuſẜi;28peeghajuſẜi;x;x;iẜſujahgeep
2;402;20;aus2;peeghajuſẜi;safe;l;;11;240220aus2peeghajuſẜi;220peeghajuſẜi;x;x;iẜſujahgeep
3;153;11;aus2;pahrghajuſẜi;safe;l;;12;315311aus2pahrghajuſẜi;311pahrghajuſẜi;x;x;iẜſujahgrhap
3;121;2;aus2;pahrghajuſẜi;safe;l;;12;31212aus2pahrghajuſẜi;32pahrghajuſẜi;x;x;iẜſujahgrhap
1;470;27;aus2;pahrghajuſẜi;safe;l;;12;147027aus2pahrghajuſẜi;127pahrghajuſẜi;x;x;iẜſujahgrhap
1;117;29;aus2;ißghajuſẜi;safe;l;;10;111729aus2ißghajuſẜi;129ißghajuſẜi;x;x;iẜſujahgßi
2;100;2;peri;usghajuſẜi;safe;l;;10;21002periusghajuſẜi;22usghajuſẜi;x;x;iẜſujahgsu
1;406;19;peri;usghajuſẜi;safe;l;;10;140619periusghajuſẜi;119usghajuſẜi;x;x;iẜſujahgsu
3;174;18;aus2;maſghajuſẜi;safe;l;;11;317418aus2maſghajuſẜi;318maſghajuſẜi;x;x;iẜſujahgſam
3;174;17;aus2;lohlajuſẜi;safe;l;;10;317417aus2lohlajuſẜi;317lohlajuſẜi;x;x;iẜſujalhol
2;189;25;aus2;apdohmajuſẜi;safe;l;;12;218925aus2apdohmajuſẜi;225apdohmajuſẜi;x;x;iẜſujamhodpa
3;10;4;aus2;ẜaliedſenajuſẜi;safe;l;;15;3104aus2ẜaliedſenajuſẜi;34ẜaliedſenajuſẜi;x;x;iẜſujaneſdeilaẜ
2;181;31;aus2;audſenajuſẜi;safe;l;;12;218131aus2audſenajuſẜi;231audſenajuſẜi;x;x;iẜſujaneſdua
1;135;16;aus2;rittinajuſẜi;safe;l;;12;113516aus2rittinajuſẜi;116rittinajuſẜi;x;x;iẜſujanittir
1;225;4;aus2;aprunnajuſẜi;safe;l;;12;12254aus2aprunnajuſẜi;14aprunnajuſẜi;x;x;iẜſujannurpa
2;136;6;aus1;maitajuſẜi;safe;l;;10;21366aus1maitajuſẜi;26maitajuſẜi;x;x;iẜſujatiam
1;112;17;peri;paſpiedejuſẜi;safe;l;;13;111217peripaſpiedejuſẜi;117paſpiedejuſẜi;x;x;iẜſujedeipſap
1;56;20;aus2;atſpiedejuſẜi;safe;l;;13;15620aus2atſpiedejuſẜi;120atſpiedejuſẜi;x;x;iẜſujedeipſta
3;116;29;aus2;attſpiedejuſẜi;safe;l;;14;311629aus2attſpiedejuſẜi;329attſpiedejuſẜi;x;x;iẜſujedeipſtta
2;158;2;aus2;attſpiedejuſẜi;safe;l;;14;21582aus2attſpiedejuſẜi;22attſpiedejuſẜi;x;x;iẜſujedeipſtta
1;542;3;aus1;attſpiedejuſẜi;safe;l;;14;15423aus1attſpiedejuſẜi;13attſpiedejuſẜi;x;x;iẜſujedeipſtta
1;237;18;aus2;attſpiedejuſẜi;safe;l;;14;123718aus2attſpiedejuſẜi;118attſpiedejuſẜi;x;x;iẜſujedeipſtta
2;90;11;aus2;dſirrdejuſẜi;safe;l;;12;29011aus2dſirrdejuſẜi;211dſirrdejuſẜi;x;x;iẜſujedrriſd
1;303;21;aus2;dſirrdejuſẜi;safe;l;;12;130321aus2dſirrdejuſẜi;121dſirrdejuſẜi;x;x;iẜſujedrriſd
2;371;11;aus2;dſirrdejuſẜi;safe;l;;12;237111aus2dſirrdejuſẜi;211dſirrdejuſẜi;x;x;iẜſujedrriſd
2;396;7;aus2;mecklejuſẜi;safe;l;;11;23967aus2mecklejuſẜi;27mecklejuſẜi;x;x;iẜſujelkcem
2;392;1;peri;ghullejuſẜi;safe;l;;11;23921perighullejuſẜi;21ghullejuſẜi;x;x;iẜſujelluhg
2;394;8;aus2;ghullejuſẜi;safe;l;;11;23948aus2ghullejuſẜi;28ghullejuſẜi;x;x;iẜſujelluhg
1;407;13;aus1;rejuſẜi;safe;l;;7;140713aus1rejuſẜi;113rejuſẜi;x;x;iẜſujer
3;98;26;aus2;us⸗wahrejuſẜi;safe;l;;13;39826aus2us⸗wahrejuſẜi;326us⸗wahrejuſẜi;x;x;iẜſujerhaw⸗su
1;407;14;aus1;uswahrejuſẜi;safe;l;;12;140714aus1uswahrejuſẜi;114uswahrejuſẜi;x;x;iẜſujerhawsu
1;276;26;aus2;warrejuſẜi;safe;l;;10;127626aus2warrejuſẜi;126warrejuſẜi;x;x;iẜſujerraw
1;119;5;aus2;paturrejuſẜi;safe;l;;12;11195aus2paturrejuſẜi;15paturrejuſẜi;x;x;iẜſujerrutap
2;50;4;aus2;paliedſejuſẜi;safe;l;;13;2504aus2paliedſejuſẜi;24paliedſejuſẜi;x;x;iẜſujeſdeilap
2;393;24;aus1;paliedſejuſẜi;safe;l;;13;239324aus1paliedſejuſẜi;224paliedſejuſẜi;x;x;iẜſujeſdeilap
2;238;8;peri;palliedſejuſẜi;safe;l;;14;22388peripalliedſejuſẜi;28palliedſejuſẜi;x;x;iẜſujeſdeillap
1;267;23;peri;palliedſejuſẜi;safe;l;;14;126723peripalliedſejuſẜi;123palliedſejuſẜi;x;x;iẜſujeſdeillap
2;392;7;peri;palliedſejuſẜi;safe;l;;14;23927peripalliedſejuſẜi;27palliedſejuſẜi;x;x;iẜſujeſdeillap
2;90;11;aus2;redſejuſẜi;safe;l;;10;29011aus2redſejuſẜi;211redſejuſẜi;x;x;iẜſujeſder
1;300;15;aus2;redſejuſẜi;safe;l;;10;130015aus2redſejuſẜi;115redſejuſẜi;x;x;iẜſujeſder
2;411;3;aus2;redſejuſẜi;safe;l;;10;24113aus2redſejuſẜi;23redſejuſẜi;x;x;iẜſujeſder
3;157;19;aus2;ſtahwejuſẜi;safe;l;;11;315719aus2ſtahwejuſẜi;319ſtahwejuſẜi;x;x;iẜſujewhatſ
3;11;6;aus2;ſtahwejuſẜi;safe;l;;11;3116aus2ſtahwejuſẜi;36ſtahwejuſẜi;x;x;iẜſujewhatſ
1;424;20;aus2;ſtahwejuſẜi;safe;l;;11;142420aus2ſtahwejuſẜi;120ſtahwejuſẜi;x;x;iẜſujewhatſ
2;394;30;aus2;ſtahwejuſẜi;safe;l;;11;239430aus2ſtahwejuſẜi;230ſtahwejuſẜi;x;x;iẜſujewhatſ
2;84;10;peri;titʒejuſẜi;safe;l;;10;28410perititʒejuſẜi;210titʒejuſẜi;x;x;iẜſujeʒtit
2;89;21;aus2;pa⸗ghahjuſẜi;safe;l;;12;28921aus2pa⸗ghahjuſẜi;221pa⸗ghahjuſẜi;x;x;iẜſujhahg⸗ap
2;393;22;aus1;lehjuſẜi;safe;l;;8;239322aus1lehjuſẜi;222lehjuſẜi;x;x;iẜſujhel
3;67;8;aus1;ẜahpehjuſẜi;safe;l;;11;3678aus1ẜahpehjuſẜi;38ẜahpehjuſẜi;x;x;iẜſujhephaẜ
1;29;31;aus2;noſkrehjuſẜi;safe;l;;12;12931aus2noſkrehjuſẜi;131noſkrehjuſẜi;x;x;iẜſujherkſon
1;84;4;aus2;peedſiewohjuſẜi;safe;l;;15;1844aus2peedſiewohjuſẜi;14peedſiewohjuſẜi;x;x;iẜſujhoweiſdeep
3;200;4;aus2;bijuſẜi;safe;l;;7;32004aus2bijuſẜi;34bijuſẜi;x;x;iẜſujib
3;198;16;aus2;bijuſẜi;safe;l;;7;319816aus2bijuſẜi;316bijuſẜi;x;x;iẜſujib
3;127;22;aus2;bijuſẜi;safe;l;;7;312722aus2bijuſẜi;322bijuſẜi;x;x;iẜſujib
3;51;18;aus2;bijuſẜi;safe;l;;7;35118aus2bijuſẜi;318bijuſẜi;x;x;iẜſujib
3;9;12;aus2;bijuſẜi;safe;l;;7;3912aus2bijuſẜi;312bijuſẜi;x;x;iẜſujib
2;216;7;aus2;bijuſẜi;safe;l;;7;22167aus2bijuſẜi;27bijuſẜi;x;x;iẜſujib
2;215;17;aus2;bijuſẜi;safe;l;;7;221517aus2bijuſẜi;217bijuſẜi;x;x;iẜſujib
2;212;24;aus2;bijuſẜi;safe;l;;7;221224aus2bijuſẜi;224bijuſẜi;x;x;iẜſujib
2;172;7;aus1;bijuſẜi;safe;l;;7;21727aus1bijuſẜi;27bijuſẜi;x;x;iẜſujib
2;166;22;aus2;bijuſẜi;safe;l;;7;216622aus2bijuſẜi;222bijuſẜi;x;x;iẜſujib
2;154;26;aus2;bijuſẜi;safe;l;;7;215426aus2bijuſẜi;226bijuſẜi;x;x;iẜſujib
2;154;12;aus2;bijuſẜi;safe;l;;7;215412aus2bijuſẜi;212bijuſẜi;x;x;iẜſujib
2;68;18;aus2;bijuſẜi;safe;l;;7;26818aus2bijuſẜi;218bijuſẜi;x;x;iẜſujib
2;30;23;aus1;bijuſẜi;safe;l;;7;23023aus1bijuſẜi;223bijuſẜi;x;x;iẜſujib
1;536;4;aus2;bijuſẜi;safe;l;;7;15364aus2bijuſẜi;14bijuſẜi;x;x;iẜſujib
1;429;5;aus2;bijuſẜi;safe;l;;7;14295aus2bijuſẜi;15bijuſẜi;x;x;iẜſujib
1;424;11;aus2;bijuſẜi;safe;l;;7;142411aus2bijuſẜi;111bijuſẜi;x;x;iẜſujib
1;336;1;aus2;bijuſẜi;safe;l;;7;13361aus2bijuſẜi;11bijuſẜi;x;x;iẜſujib
1;334;1;aus2;bijuſẜi;safe;l;;7;13341aus2bijuſẜi;11bijuſẜi;x;x;iẜſujib
1;327;22;aus1;bijuſẜi;safe;l;;7;132722aus1bijuſẜi;122bijuſẜi;x;x;iẜſujib
1;303;15;aus2;bijuſẜi;safe;l;;7;130315aus2bijuſẜi;115bijuſẜi;x;x;iẜſujib
1;273;3;aus2;bijuſẜi;safe;l;;7;12733aus2bijuſẜi;13bijuſẜi;x;x;iẜſujib
1;257;16;aus2;bijuſẜi;safe;l;;7;125716aus2bijuſẜi;116bijuſẜi;x;x;iẜſujib
1;213;2;aus2;bijuſẜi;safe;l;;7;12132aus2bijuſẜi;12bijuſẜi;x;x;iẜſujib
1;213;1;aus2;bijuſẜi;safe;l;;7;12131aus2bijuſẜi;11bijuſẜi;x;x;iẜſujib
1;178;15;aus2;bijuſẜi;safe;l;;7;117815aus2bijuſẜi;115bijuſẜi;x;x;iẜſujib
1;154;17;aus2;bijuſẜi;safe;l;;7;115417aus2bijuſẜi;117bijuſẜi;x;x;iẜſujib
1;152;29;aus2;bijuſẜi;safe;l;;7;115229aus2bijuſẜi;129bijuſẜi;x;x;iẜſujib
1;130;11;aus2;bijuſẜi;safe;l;;7;113011aus2bijuſẜi;111bijuſẜi;x;x;iẜſujib
1;84;9;aus2;bijuſẜi;safe;l;;7;1849aus2bijuſẜi;19bijuſẜi;x;x;iẜſujib
1;84;3;aus2;bijuſẜi;safe;l;;7;1843aus2bijuſẜi;13bijuſẜi;x;x;iẜſujib
1;83;30;aus2;bijuſẜi;safe;l;;7;18330aus2bijuſẜi;130bijuſẜi;x;x;iẜſujib
1;83;29;aus2;bijuſẜi;safe;l;;7;18329aus2bijuſẜi;129bijuſẜi;x;x;iẜſujib
1;83;22;aus2;bijuſẜi;safe;l;;7;18322aus2bijuſẜi;122bijuſẜi;x;x;iẜſujib
1;80;2;aus2;bijuſẜi;safe;l;;7;1802aus2bijuſẜi;12bijuſẜi;x;x;iẜſujib
1;73;23;aus1;bijuſẜi;safe;l;;7;17323aus1bijuſẜi;123bijuſẜi;x;x;iẜſujib
1;32;24;aus2;bijuſẜi;safe;l;;7;13224aus2bijuſẜi;124bijuſẜi;x;x;iẜſujib
2;268;24;aus2;bijuſẜi;safe;l;;7;226824aus2bijuſẜi;224bijuſẜi;x;x;iẜſujib
2;395;7;aus2;bijuſẜi;safe;l;;7;23957aus2bijuſẜi;27bijuſẜi;x;x;iẜſujib
2;312;3;aus2;bijuſẜi;safe;l;;7;23123aus2bijuſẜi;23bijuſẜi;x;x;iẜſujib
2;360;6;aus2;bijuſẜi;safe;l;;7;23606aus2bijuſẜi;26bijuſẜi;x;x;iẜſujib
2;373;6;aus2;bijuſẜi;safe;l;;7;23736aus2bijuſẜi;26bijuſẜi;x;x;iẜſujib
2;385;19;aus2;bijuſẜi;safe;l;;7;238519aus2bijuſẜi;219bijuſẜi;x;x;iẜſujib
2;428;30;aus2;bijuſẜi;safe;l;;7;242830aus2bijuſẜi;230bijuſẜi;x;x;iẜſujib
3;9;11;aus2;ißbijuſẜi;safe;l;;9;3911aus2ißbijuſẜi;311ißbijuſẜi;x;x;iẜſujibßi
1;507;27;aus2;raddijuſẜi;safe;l;;10;150727aus2raddijuſẜi;127raddijuſẜi;x;x;iẜſujiddar
1;84;5;aus2;ghaidijuſẜi;safe;l;;11;1845aus2ghaidijuſẜi;15ghaidijuſẜi;x;x;iẜſujidiahg
3;174;23;aus2;ißwahrijuſẜi;safe;l;;12;317423aus2ißwahrijuſẜi;323ißwahrijuſẜi;x;x;iẜſujirhawßi
3;162;11;aus2;aprijuſẜi;safe;l;;9;316211aus2aprijuſẜi;311aprijuſẜi;x;x;iẜſujirpa
3;124;4;aus2;darrijuſẜi;safe;l;;10;31244aus2darrijuſẜi;34darrijuſẜi;x;x;iẜſujirrad
2;50;4;aus2;darrijuſẜi;safe;l;;10;2504aus2darrijuſẜi;24darrijuſẜi;x;x;iẜſujirrad
2;14;2;aus2;darrijuſẜi;safe;l;;10;2142aus2darrijuſẜi;22darrijuſẜi;x;x;iẜſujirrad
1;278;16;aus2;darrijuſẜi;safe;l;;10;127816aus2darrijuſẜi;116darrijuſẜi;x;x;iẜſujirrad
2;393;22;aus1;darrijuſẜi;safe;l;;10;239322aus1darrijuſẜi;222darrijuſẜi;x;x;iẜſujirrad
2;134;28;aus2;laiſijuſẜi;safe;l;;10;213428aus2laiſijuſẜi;228laiſijuſẜi;x;x;iẜſujiſial
1;168;8;aus2;klauſẜijuſẜi;safe;l;;12;11688aus2klauſẜijuſẜi;18klauſẜijuſẜi;x;x;iẜſujiẜſualk
1;135;15;aus2;lauſijuſẜi;safe;l;;10;113515aus2lauſijuſẜi;115lauſijuſẜi;x;x;iẜſujiſual
1;166;23;aus2;klauẜijuſẜi;safe;l;;11;116623aus2klauẜijuſẜi;123klauẜijuſẜi;x;x;iẜſujiẜualk
3;174;18;aus2;tießtijuſẜi;safe;l;;11;317418aus2tießtijuſẜi;318tießtijuſẜi;x;x;iẜſujitßeit
2;278;7;aus2;ſtijuſẜi;safe;l;;8;22787aus2ſtijuſẜi;27ſtijuſẜi;x;x;iẜſujitſ
2;278;6;aus2;ghlahſtijuſẜi;safe;l;;13;22786aus2ghlahſtijuſẜi;26ghlahſtijuſẜi;x;x;iẜſujitſhalhg
2;393;16;aus1;ẜatʒijuſẜi;safe;l;;10;239316aus1ẜatʒijuſẜi;216ẜatʒijuſẜi;x;x;iẜſujiʒtaẜ
3;174;18;aus2;ẜlauʒijuſẜi;safe;l;;11;317418aus2ẜlauʒijuſẜi;318ẜlauʒijuſẜi;x;x;iẜſujiʒualẜ
2;182;20;aus2;ghraͤkojuſẜi;safe;l;;12;218220aus2ghraͤkojuſẜi;220ghraͤkojuſẜi;x;x;iẜſujokͤarhg
1;225;3;aus2;ghraͤkojuſẜi;safe;l;;12;12253aus2ghraͤkojuſẜi;13ghraͤkojuſẜi;x;x;iẜſujokͤarhg
1;84;1;aus2;wojuſẜi;safe;l;;7;1841aus2wojuſẜi;11wojuſẜi;x;x;iẜſujow
1;165;26;aus2;dſiewojuſẜi;safe;l;;11;116526aus2dſiewojuſẜi;126dſiewojuſẜi;x;x;iẜſujoweiſd
1;82;30;aus2;dſiewojuſẜi;safe;l;;11;18230aus2dſiewojuſẜi;130dſiewojuſẜi;x;x;iẜſujoweiſd
1;73;7;peri;dſiwojuſẜi;safe;l;;10;1737peridſiwojuſẜi;17dſiwojuſẜi;x;x;iẜſujowiſd
1;142;3;peri;kuſẜi;safe;l;;5;11423perikuſẜi;13kuſẜi;x;x;iẜſuk
2;49;7;aus2;nakuſẜi;safe;l;;7;2497aus2nakuſẜi;27nakuſẜi;x;x;iẜſukan
3;70;11;aus1;attnakuſẜi;safe;l;;10;37011aus1attnakuſẜi;311attnakuſẜi;x;x;iẜſukantta
1;42;17;aus2;ckuſẜi;safe;l;;6;14217aus2ckuſẜi;117ckuſẜi;x;x;iẜſukc
3;90;28;aus2;palickuſẜi;safe;l;;10;39028aus2palickuſẜi;328palickuſẜi;x;x;iẜſukcilap
1;119;6;aus2;palickuſẜi;safe;l;;10;11196aus2palickuſẜi;16palickuſẜi;x;x;iẜſukcilap
1;146;11;aus2;pa⸗tickuſẜi;safe;l;;11;114611aus2pa⸗tickuſẜi;111pa⸗tickuſẜi;x;x;iẜſukcit⸗ap
2;397;17;aus2;patickuſẜi;safe;l;;10;239717aus2patickuſẜi;217patickuſẜi;x;x;iẜſukcitap
2;206;26;aus2;notickuſẜi;safe;l;;10;220626aus2notickuſẜi;226notickuſẜi;x;x;iẜſukciton
2;119;27;aus2;notickuſẜi;safe;l;;10;211927aus2notickuſẜi;227notickuſẜi;x;x;iẜſukciton
1;355;16;aus1;notickuſẜi;safe;l;;10;135516aus1notickuſẜi;116notickuſẜi;x;x;iẜſukciton
1;57;14;aus2;notickuſẜi;safe;l;;10;15714aus2notickuſẜi;114notickuſẜi;x;x;iẜſukciton
2;313;1;aus2;notickuſẜi;safe;l;;10;23131aus2notickuſẜi;21notickuſẜi;x;x;iẜſukciton
2;315;18;aus2;notickuſẜi;safe;l;;10;231518aus2notickuſẜi;218notickuſẜi;x;x;iẜſukciton
2;341;21;aus2;notickuſẜi;safe;l;;10;234121aus2notickuſẜi;221notickuſẜi;x;x;iẜſukciton
2;262;24;aus2;pattickuſẜi;safe;l;;11;226224aus2pattickuſẜi;224pattickuſẜi;x;x;iẜſukcittap
1;114;9;aus1;us⸗laͤkuſẜi;safe;l;;11;11149aus1us⸗laͤkuſẜi;19us⸗laͤkuſẜi;x;x;iẜſukͤal⸗su
3;158;10;aus2;uslaͤkuſẜi;safe;l;;10;315810aus2uslaͤkuſẜi;310uslaͤkuſẜi;x;x;iẜſukͤalsu
1;114;22;aus1;uslaͤkuſẜi;safe;l;;10;111422aus1uslaͤkuſẜi;122uslaͤkuſẜi;x;x;iẜſukͤalsu
1;300;11;aus2;noliekuſẜi;safe;l;;10;130011aus2noliekuſẜi;111noliekuſẜi;x;x;iẜſukeilon
1;361;14;aus2;ißniekuſẜi;safe;l;;10;136114aus2ißniekuſẜi;114ißniekuſẜi;x;x;iẜſukeinßi
1;438;30;aus2;ap⸗mahkuſẜi;safe;l;;11;143830aus2ap⸗mahkuſẜi;130ap⸗mahkuſẜi;x;x;iẜſukham⸗pa
3;15;9;aus2;nahkuſẜi;safe;l;;8;3159aus2nahkuſẜi;39nahkuſẜi;x;x;iẜſukhan
3;4;21;peri;nahkuſẜi;safe;l;;8;3421perinahkuſẜi;321nahkuſẜi;x;x;iẜſukhan
2;36;12;aus2;nahkuſẜi;safe;l;;8;23612aus2nahkuſẜi;212nahkuſẜi;x;x;iẜſukhan
1;541;6;peri;nahkuſẜi;safe;l;;8;15416perinahkuſẜi;16nahkuſẜi;x;x;iẜſukhan
1;539;29;aus2;nahkuſẜi;safe;l;;8;153929aus2nahkuſẜi;129nahkuſẜi;x;x;iẜſukhan
1;236;3;aus2;nahkuſẜi;safe;l;;8;12363aus2nahkuſẜi;13nahkuſẜi;x;x;iẜſukhan
1;149;2;aus2;nahkuſẜi;safe;l;;8;11492aus2nahkuſẜi;12nahkuſẜi;x;x;iẜſukhan
1;20;2;aus2;nahkuſẜi;safe;l;;8;1202aus2nahkuſẜi;12nahkuſẜi;x;x;iẜſukhan
2;330;7;aus2;nahkuſẜi;safe;l;;8;23307aus2nahkuſẜi;27nahkuſẜi;x;x;iẜſukhan
2;330;9;aus2;nahkuſẜi;safe;l;;8;23309aus2nahkuſẜi;29nahkuſẜi;x;x;iẜſukhan
3;133;21;aus2;pee⸗nahkuſẜi;safe;l;;12;313321aus2pee⸗nahkuſẜi;321pee⸗nahkuſẜi;x;x;iẜſukhan⸗eep
2;89;22;aus2;att⸗nahkuſẜi;safe;l;;12;28922aus2att⸗nahkuſẜi;222att⸗nahkuſẜi;x;x;iẜſukhan⸗tta
1;398;30;aus2;usnahkuſẜi;safe;l;;10;139830aus2usnahkuſẜi;130usnahkuſẜi;x;x;iẜſukhansu
2;167;14;aus2;attnahkuſẜi;safe;l;;11;216714aus2attnahkuſẜi;214attnahkuſẜi;x;x;iẜſukhantta
3;172;27;aus2;iß⸗laͤhkuſẜi;safe;l;;12;317227aus2iß⸗laͤhkuſẜi;327iß⸗laͤhkuſẜi;x;x;iẜſukhͤal⸗ßi
1;494;10;aus2;pee⸗luhkuſẜi;safe;l;;12;149410aus2pee⸗luhkuſẜi;110pee⸗luhkuſẜi;x;x;iẜſukhul⸗eep
1;474;29;aus2;peedſimmuſẜi;safe;l;;12;147429aus2peedſimmuſẜi;129peedſimmuſẜi;x;x;iẜſummiſdeep
1;462;18;peri;peedſimmuſẜi;safe;l;;12;146218peripeedſimmuſẜi;118peedſimmuſẜi;x;x;iẜſummiſdeep
2;267;13;aus1;peedſimmuſẜi;safe;l;;12;226713aus1peedſimmuſẜi;213peedſimmuſẜi;x;x;iẜſummiſdeep
3;183;6;aus2;ſkummuſẜi;safe;l;;9;31836aus2ſkummuſẜi;36ſkummuſẜi;x;x;iẜſummukſ
3;11;11;aus2;ſkummuſẜi;safe;l;;9;31111aus2ſkummuſẜi;311ſkummuſẜi;x;x;iẜſummukſ
1;464;6;aus1;ſkummuſẜi;safe;l;;9;14646aus1ſkummuſẜi;16ſkummuſẜi;x;x;iẜſummukſ
1;462;17;peri;ſkummuſẜi;safe;l;;9;146217periſkummuſẜi;117ſkummuſẜi;x;x;iẜſummukſ
3;130;29;aus2;noſkummuſẜi;safe;l;;11;313029aus2noſkummuſẜi;329noſkummuſẜi;x;x;iẜſummukſon
3;100;3;aus2;noſkummuſẜi;safe;l;;11;31003aus2noſkummuſẜi;33noſkummuſẜi;x;x;iẜſummukſon
3;25;18;aus2;noſkummuſẜi;safe;l;;11;32518aus2noſkummuſẜi;318noſkummuſẜi;x;x;iẜſummukſon
3;24;21;aus2;noſkummuſẜi;safe;l;;11;32421aus2noſkummuſẜi;321noſkummuſẜi;x;x;iẜſummukſon
3;20;14;aus2;noſkummuſẜi;safe;l;;11;32014aus2noſkummuſẜi;314noſkummuſẜi;x;x;iẜſummukſon
3;10;21;aus2;noſkummuſẜi;safe;l;;11;31021aus2noſkummuſẜi;321noſkummuſẜi;x;x;iẜſummukſon
3;3;10;peri;noſkummuſẜi;safe;l;;11;3310perinoſkummuſẜi;310noſkummuſẜi;x;x;iẜſummukſon
2;198;14;aus2;noſkummuſẜi;safe;l;;11;219814aus2noſkummuſẜi;214noſkummuſẜi;x;x;iẜſummukſon
2;79;28;aus2;noſkummuſẜi;safe;l;;11;27928aus2noſkummuſẜi;228noſkummuſẜi;x;x;iẜſummukſon
2;49;6;aus2;noſkummuſẜi;safe;l;;11;2496aus2noſkummuſẜi;26noſkummuſẜi;x;x;iẜſummukſon
1;466;31;aus2;noſkummuſẜi;safe;l;;11;146631aus2noſkummuſẜi;131noſkummuſẜi;x;x;iẜſummukſon
1;466;22;aus2;noſkummuſẜi;safe;l;;11;146622aus2noſkummuſẜi;122noſkummuſẜi;x;x;iẜſummukſon
1;436;6;aus1;noſkummuſẜi;safe;l;;11;14366aus1noſkummuſẜi;16noſkummuſẜi;x;x;iẜſummukſon
1;429;8;aus2;noſkummuſẜi;safe;l;;11;14298aus2noſkummuſẜi;18noſkummuſẜi;x;x;iẜſummukſon
1;365;28;aus2;noſkummuſẜi;safe;l;;11;136528aus2noſkummuſẜi;128noſkummuſẜi;x;x;iẜſummukſon
1;347;11;aus2;noſkummuſẜi;safe;l;;11;134711aus2noſkummuſẜi;111noſkummuſẜi;x;x;iẜſummukſon
1;274;4;aus2;noſkummuſẜi;safe;l;;11;12744aus2noſkummuſẜi;14noſkummuſẜi;x;x;iẜſummukſon
1;138;28;aus2;noſkummuſẜi;safe;l;;11;113828aus2noſkummuſẜi;128noſkummuſẜi;x;x;iẜſummukſon
2;186;4;peri;attſinnuſẜi;safe;l;;11;21864periattſinnuſẜi;24attſinnuſẜi;x;x;iẜſunniſtta
2;181;30;aus2;kohpuſẜi;safe;l;;8;218130aus2kohpuſẜi;230kohpuſẜi;x;x;iẜſuphok
3;149;8;aus2;tappuſẜi;safe;l;;8;31498aus2tappuſẜi;38tappuſẜi;x;x;iẜſuppat
3;131;27;aus2;tappuſẜi;safe;l;;8;313127aus2tappuſẜi;327tappuſẜi;x;x;iẜſuppat
1;480;13;aus2;tappuſẜi;safe;l;;8;148013aus2tappuſẜi;113tappuſẜi;x;x;iẜſuppat
1;479;17;aus2;tappuſẜi;safe;l;;8;147917aus2tappuſẜi;117tappuſẜi;x;x;iẜſuppat
1;476;7;peri;tappuſẜi;safe;l;;8;14767peritappuſẜi;17tappuſẜi;x;x;iẜſuppat
1;472;21;aus2;tappuſẜi;safe;l;;8;147221aus2tappuſẜi;121tappuſẜi;x;x;iẜſuppat
2;315;21;aus2;tappuſẜi;safe;l;;8;231521aus2tappuſẜi;221tappuſẜi;x;x;iẜſuppat
2;407;21;aus1;tappuſẜi;safe;l;;8;240721aus1tappuſẜi;221tappuſẜi;x;x;iẜſuppat
3;150;14;aus2;ʒaͤppuſẜi;safe;l;;9;315014aus2ʒaͤppuſẜi;314ʒaͤppuſẜi;x;x;iẜſuppͤaʒ
2;80;3;aus2;pee⸗dſaͤruſẜi;safe;l;;13;2803aus2pee⸗dſaͤruſẜi;23pee⸗dſaͤruſẜi;x;x;iẜſurͤaſd⸗eep
2;396;8;aus2;iß⸗dſaͤruſẜi;safe;l;;12;23968aus2iß⸗dſaͤruſẜi;28iß⸗dſaͤruſẜi;x;x;iẜſurͤaſd⸗ßi
2;80;2;aus2;peedſaͤruſẜi;safe;l;;12;2802aus2peedſaͤruſẜi;22peedſaͤruſẜi;x;x;iẜſurͤaſdeep
2;361;11;aus2;noſchkieruſẜi;safe;l;;13;236111aus2noſchkieruſẜi;211noſchkieruſẜi;x;x;iẜſureikhcſon
2;374;30;aus2;eedſeruſẜi;safe;l;;10;237430aus2eedſeruſẜi;230eedſeruſẜi;x;x;iẜſureſdee
2;391;11;peri;nomirruſẜi;safe;l;;10;239111perinomirruſẜi;211nomirruſẜi;x;x;iẜſurrimon
2;392;12;peri;nomirruſẜi;safe;l;;10;239212perinomirruſẜi;212nomirruſẜi;x;x;iẜſurrimon
2;393;8;aus1;nomirruſẜi;safe;l;;10;23938aus1nomirruſẜi;28nomirruſẜi;x;x;iẜſurrimon
2;394;4;aus2;nomirruſẜi;safe;l;;10;23944aus2nomirruſẜi;24nomirruſẜi;x;x;iẜſurrimon
2;398;8;aus2;nomirruſẜi;safe;l;;10;23988aus2nomirruſẜi;28nomirruſẜi;x;x;iẜſurrimon
1;226;21;aus2;apkuſẜuſẜi;safe;l;;10;122621aus2apkuſẜuſẜi;121apkuſẜuſẜi;x;x;iẜſuẜſukpa
3;174;30;aus2;tuſẜi;safe;l;;5;317430aus2tuſẜi;330tuſẜi;x;x;iẜſut
3;97;31;aus2;ʒeetuſẜi;safe;l;;8;39731aus2ʒeetuſẜi;331ʒeetuſẜi;x;x;iẜſuteeʒ
3;84;2;peri;ʒeetuſẜi;safe;l;;8;3842periʒeetuſẜi;32ʒeetuſẜi;x;x;iẜſuteeʒ
1;300;15;aus2;ʒeetuſẜi;safe;l;;8;130015aus2ʒeetuſẜi;115ʒeetuſẜi;x;x;iẜſuteeʒ
2;394;25;aus2;ʒeetuſẜi;safe;l;;8;239425aus2ʒeetuſẜi;225ʒeetuſẜi;x;x;iẜſuteeʒ
2;393;15;aus1;ʒetuſẜi;safe;l;;7;239315aus1ʒetuſẜi;215ʒetuſẜi;x;x;iẜſuteʒ
2;40;9;aus2;ẜakalltuſẜi;safe;l;;11;2409aus2ẜakalltuſẜi;29ẜakalltuſẜi;x;x;iẜſutllakaẜ
1;398;29;aus2;krittuſẜi;safe;l;;9;139829aus2krittuſẜi;129krittuſẜi;x;x;iẜſuttirk
1;304;20;aus2;krittuſẜi;safe;l;;9;130420aus2krittuſẜi;120krittuſẜi;x;x;iẜſuttirk
3;156;21;aus2;kļuuſẜi;safe;l;;7;315621aus2kļuuſẜi;321kļuuſẜi;x;x;iẜſuuļk
2;272;4;aus2;wuſẜi;safe;l;;5;22724aus2wuſẜi;24wuſẜi;x;x;iẜſuw
3;174;22;aus2;daͤwuſẜi;safe;l;;8;317422aus2daͤwuſẜi;322daͤwuſẜi;x;x;iẜſuwͤad
1;357;17;aus2;daͤwuſẜi;safe;l;;8;135717aus2daͤwuſẜi;117daͤwuſẜi;x;x;iẜſuwͤad
1;166;23;aus2;daͤwuſẜi;safe;l;;8;116623aus2daͤwuſẜi;123daͤwuſẜi;x;x;iẜſuwͤad
2;258;25;aus2;daͤwuſẜi;safe;l;;8;225825aus2daͤwuſẜi;225daͤwuſẜi;x;x;iẜſuwͤad
1;545;20;aus2;kahwuſẜi;safe;l;;8;154520aus2kahwuſẜi;120kahwuſẜi;x;x;iẜſuwhak
2;388;27;aus2;nokahwuſẜi;safe;l;;10;238827aus2nokahwuſẜi;227nokahwuſẜi;x;x;iẜſuwhakon
3;26;13;aus2;Auẜi;safe;u;;4;32613aus2Auẜi;313Auẜi;x;x;iẜuA
3;16;2;aus2;Auẜi;safe;u;;4;3162aus2Auẜi;32Auẜi;x;x;iẜuA
3;22;13;aus2;ſpeeduẜi;safe;l;;8;32213aus2ſpeeduẜi;313ſpeeduẜi;x;x;iẜudeepſ
2;304;4;aus2;aͤhduẜi;safe;l;;7;23044aus2aͤhduẜi;24aͤhduẜi;x;x;iẜudhͤa
1;534;16;aus2;ißniekuẜi;safe;l;;9;153416aus2ißniekuẜi;116ißniekuẜi;x;x;iẜukeinßi
1;404;2;aus2;noſkummuẜi;safe;l;;10;14042aus2noſkummuẜi;12noſkummuẜi;x;x;iẜummukſon
2;278;6;aus2;apkampuẜi;safe;l;;9;22786aus2apkampuẜi;26apkampuẜi;x;x;iẜupmakpa
1;551;13;aus2;tappuẜi;safe;l;;7;155113aus2tappuẜi;113tappuẜi;x;x;iẜuppat
1;410;4;aus2;tappuẜi;safe;l;;7;14104aus2tappuẜi;14tappuẜi;x;x;iẜuppat
1;225;8;aus2;tappuẜi;safe;l;;7;12258aus2tappuẜi;18tappuẜi;x;x;iẜuppat
2;142;23;aus2;Muſſchas;safe;u;;8;214223aus2Muſſchas;223Muſſchas;x;x;sahcſſuM
2;125;11;aus1;breeduſchas;safe;l;;11;212511aus1breeduſchas;211breeduſchas;x;x;sahcſudeerb
1;329;22;aus2;iß⸗klieduſchas;safe;l;;14;132922aus2iß⸗klieduſchas;122iß⸗klieduſchas;x;x;sahcſudeilk⸗ßi
3;9;9;aus2;ißklieduſchas;safe;l;;13;399aus2ißklieduſchas;39ißklieduſchas;x;x;sahcſudeilkßi
3;9;5;aus2;ißklieduẜchas;safe;l;;13;395aus2ißklieduẜchas;35ißklieduẜchas;x;x;sahcẜudeilkßi
1;504;4;aus2;ißklieduẜchas;safe;l;;13;15044aus2ißklieduẜchas;14ißklieduẜchas;x;x;sahcẜudeilkßi
2;272;18;aus2;ghohduſchas;safe;l;;11;227218aus2ghohduſchas;218ghohduſchas;x;x;sahcſudhohg
2;183;21;aus2;juẜchas;safe;l;;7;218321aus2juẜchas;221juẜchas;x;x;sahcẜuj
3;207;24;aus2;ghajuſchas;safe;l;;10;320724aus2ghajuſchas;324ghajuſchas;x;x;sahcſujahg
3;193;8;peri;ghajuſchas;safe;l;;10;31938perighajuſchas;38ghajuſchas;x;x;sahcſujahg
3;144;22;peri;ghajuſchas;safe;l;;10;314422perighajuſchas;322ghajuſchas;x;x;sahcſujahg
3;207;26;aus2;ghajuẜchas;safe;l;;10;320726aus2ghajuẜchas;326ghajuẜchas;x;x;sahcẜujahg
3;149;14;aus2;ghajuẜchas;safe;l;;10;314914aus2ghajuẜchas;314ghajuẜchas;x;x;sahcẜujahg
1;86;2;peri;ghajuẜchas;safe;l;;10;1862perighajuẜchas;12ghajuẜchas;x;x;sahcẜujahg
1;87;23;aus2;paghajuẜchas;safe;l;;12;18723aus2paghajuẜchas;123paghajuẜchas;x;x;sahcẜujahgap
2;410;24;aus2;Pahrghajuẜchas;safe;u;;14;241024aus2Pahrghajuẜchas;224Pahrghajuẜchas;x;x;sahcẜujahgrhaP
3;139;1;peri;ſiedinajuſchas;safe;l;;14;31391periſiedinajuſchas;31ſiedinajuſchas;x;x;sahcſujanideiſ
3;174;21;aus2;maitajuẜchas;safe;l;;12;317421aus2maitajuẜchas;321maitajuẜchas;x;x;sahcẜujatiam
1;414;2;aus2;ghullejuẜchas;safe;l;;13;14142aus2ghullejuẜchas;12ghullejuẜchas;x;x;sahcẜujelluhg
3;149;13;aus2;palliedſejuẜchas;safe;l;;16;314913aus2palliedſejuẜchas;313palliedſejuẜchas;x;x;sahcẜujeſdeillap
3;26;13;aus2;ißtetʒejuſchas;safe;l;;14;32613aus2ißtetʒejuſchas;313ißtetʒejuſchas;x;x;sahcſujeʒtetßi
3;24;10;aus2;pahrghahjuẜchas;safe;l;;15;32410aus2pahrghahjuẜchas;310pahrghahjuẜchas;x;x;sahcẜujhahgrhap
3;17;23;aus2;bijuſchas;safe;l;;9;31723aus2bijuſchas;323bijuſchas;x;x;sahcſujib
1;378;9;aus2;bijuſchas;safe;l;;9;13789aus2bijuſchas;19bijuſchas;x;x;sahcſujib
3;95;13;aus2;bijuẜchas;safe;l;;9;39513aus2bijuẜchas;313bijuẜchas;x;x;sahcẜujib
3;43;19;aus2;bijuẜchas;safe;l;;9;34319aus2bijuẜchas;319bijuẜchas;x;x;sahcẜujib
3;17;30;aus2;bijuẜchas;safe;l;;9;31730aus2bijuẜchas;330bijuẜchas;x;x;sahcẜujib
1;96;14;aus2;bijuẜchas;safe;l;;9;19614aus2bijuẜchas;114bijuẜchas;x;x;sahcẜujib
2;411;14;aus2;bijuẜchas;safe;l;;9;241114aus2bijuẜchas;214bijuẜchas;x;x;sahcẜujib
2;419;27;aus1;bijuẜchas;safe;l;;9;241927aus1bijuẜchas;227bijuẜchas;x;x;sahcẜujib
3;150;3;aus2;ſiedijuẜchas;safe;l;;12;31503aus2ſiedijuẜchas;33ſiedijuẜchas;x;x;sahcẜujideiſ
3;178;8;aus2;lickuẜchas;safe;l;;10;31788aus2lickuẜchas;38lickuẜchas;x;x;sahcẜukcil
1;502;21;aus2;tickuẜchas;safe;l;;10;150221aus2tickuẜchas;121tickuẜchas;x;x;sahcẜukcit
3;211;7;aus2;notickuẜchas;safe;l;;12;32117aus2notickuẜchas;37notickuẜchas;x;x;sahcẜukciton
2;55;14;aus2;notickuẜchas;safe;l;;12;25514aus2notickuẜchas;214notickuẜchas;x;x;sahcẜukciton
1;80;27;aus2;notickuẜchas;safe;l;;12;18027aus2notickuẜchas;127notickuẜchas;x;x;sahcẜukciton
1;441;28;aus2;us⸗tuckuẜchas;safe;l;;13;144128aus2us⸗tuckuẜchas;128us⸗tuckuẜchas;x;x;sahcẜukcut⸗su
3;195;10;peri;nahkuſchas;safe;l;;10;319510perinahkuſchas;310nahkuſchas;x;x;sahcſukhan
3;193;2;peri;nahkuſchas;safe;l;;10;31932perinahkuſchas;32nahkuſchas;x;x;sahcſukhan
3;144;16;peri;nahkuſchas;safe;l;;10;314416perinahkuſchas;316nahkuſchas;x;x;sahcſukhan
2;347;9;aus1;nahkuſchas;safe;l;;10;23479aus1nahkuſchas;29nahkuſchas;x;x;sahcſukhan
3;207;20;aus2;nahkuẜchas;safe;l;;10;320720aus2nahkuẜchas;320nahkuẜchas;x;x;sahcẜukhan
1;409;17;aus2;nahkuẜchas;safe;l;;10;140917aus2nahkuẜchas;117nahkuẜchas;x;x;sahcẜukhan
2;426;3;aus2;nahkuẜchas;safe;l;;10;24263aus2nahkuẜchas;23nahkuẜchas;x;x;sahcẜukhan
1;441;22;aus2;tuhkuſchas;safe;l;;10;144122aus2tuhkuſchas;122tuhkuſchas;x;x;sahcſukhut
1;107;28;aus2;tuhkuẜchas;safe;l;;10;110728aus2tuhkuẜchas;128tuhkuẜchas;x;x;sahcẜukhut
1;409;29;aus2;pirrkuẜchas;safe;l;;11;140929aus2pirrkuẜchas;129pirrkuẜchas;x;x;sahcẜukrrip
3;13;17;aus2;Muẜchas;safe;u;;7;31317aus2Muẜchas;317Muẜchas;x;x;sahcẜuM
2;96;30;aus2;Muẜchas;safe;u;;7;29630aus2Muẜchas;230Muẜchas;x;x;sahcẜuM
2;285;29;aus2;Muẜchas;safe;u;;7;228529aus2Muẜchas;229Muẜchas;x;x;sahcẜuM
3;149;15;aus2;noſkummuſchas;safe;l;;13;314915aus2noſkummuſchas;315noſkummuſchas;x;x;sahcſummukſon
1;213;3;aus2;noſkummuſchas;safe;l;;13;12133aus2noſkummuſchas;13noſkummuſchas;x;x;sahcſummukſon
1;430;15;aus2;noſkummuẜchas;safe;l;;13;143015aus2noſkummuẜchas;115noſkummuẜchas;x;x;sahcẜummukſon
2;275;10;aus2;noſkummuẜchas;safe;l;;13;227510aus2noſkummuẜchas;210noſkummuẜchas;x;x;sahcẜummukſon
1;355;20;aus1;tappuẜchas;safe;l;;10;135520aus1tappuẜchas;120tappuẜchas;x;x;sahcẜuppat
1;245;8;aus2;tappuẜchas;safe;l;;10;12458aus2tappuẜchas;18tappuẜchas;x;x;sahcẜuppat
3;208;11;aus2;nomirruẜchas;safe;l;;12;320811aus2nomirruẜchas;311nomirruẜchas;x;x;sahcẜurrimon
2;397;20;aus2;nomirruẜchas;safe;l;;12;239720aus2nomirruẜchas;220nomirruẜchas;x;x;sahcẜurrimon
3;138;25;peri;naͤſẜuſchas;safe;l;;11;313825perinaͤſẜuſchas;325naͤſẜuſchas;x;x;sahcſuẜſͤan
1;312;10;peri;naͤſẜuſchas;safe;l;;11;131210perinaͤſẜuſchas;110naͤſẜuſchas;x;x;sahcſuẜſͤan
1;313;15;aus1;naͤſẜuẜchas;safe;l;;11;131315aus1naͤſẜuẜchas;115naͤſẜuẜchas;x;x;sahcẜuẜſͤan
2;274;13;aus2;ẜalauſuſchas;safe;l;;12;227413aus2ẜalauſuſchas;213ẜalauſuſchas;x;x;sahcſuſualaẜ
2;70;12;aus2;aiskurrtuẜchas;safe;l;;14;27012aus2aiskurrtuẜchas;212aiskurrtuẜchas;x;x;sahcẜutrruksia
3;200;6;aus2;ẜakrittuẜchas;safe;l;;13;32006aus2ẜakrittuẜchas;36ẜakrittuẜchas;x;x;sahcẜuttirkaẜ
3;203;26;aus2;noſchuwuẜchas;safe;l;;13;320326aus2noſchuwuẜchas;326noſchuwuẜchas;x;x;sahcẜuwuhcſon
1;414;2;aus2;ẜapuwuẜchas;safe;l;;11;14142aus2ẜapuwuẜchas;12ẜapuwuẜchas;x;x;sahcẜuwupaẜ
2;424;19;aus2;ẜapuwuẜchas;safe;l;;11;242419aus2ẜapuwuẜchas;219ẜapuwuẜchas;x;x;sahcẜuwupaẜ
1;406;15;peri;no⸗ees;unsafe;l;;6;140615perino⸗ees;115no⸗ees;x;x;see⸗on
1;507;6;aus2;ẜehdees;unsafe;l;?;7;15076aus2ẜehdees;16ẜehdees;x;x;seedheẜ
2;296;4;peri;ẜehdees;unsafe;l;?;7;22964periẜehdees;24ẜehdees;x;x;seedheẜ
2;296;10;peri;ẜehdees;unsafe;l;?;7;229610periẜehdees;210ẜehdees;x;x;seedheẜ
1;282;8;peri;laidees;unsafe;l;;7;12828perilaidees;18laidees;x;x;seedial
1;457;14;aus2;dajuſẜchees;safe;l;;11;145714aus2dajuſẜchees;114dajuſẜchees;x;x;seehcẜſujad
3;140;19;peri;dallijuſſchees;safe;l;;14;314019peridallijuſſchees;319dallijuſſchees;x;x;seehcſſujillad
1;327;4;peri;paſẜaͤhduſchees;safe;l;;15;13274peripaſẜaͤhduſchees;14paſẜaͤhduſchees;x;x;seehcſudhͤaẜſap
1;269;15;aus2;iß⸗bijajuẜchees;safe;l;;15;126915aus2iß⸗bijajuẜchees;115iß⸗bijajuẜchees;x;x;seehcẜujajib⸗ßi
1;527;7;peri;preeʒajuſchees;safe;l;;;15277peripreeʒajuſchees;17preeʒajuſchees;x;x;seehcſujaʒeerp
3;33;13;peri;ʒejuſchees;safe;l;;10;33313periʒejuſchees;313ʒejuſchees;x;x;seehcſujeʒ
1;439;7;aus2;ẜakrahjuẜchees;safe;l;;14;14397aus2ẜakrahjuẜchees;17ẜakrahjuẜchees;x;x;seehcẜujharkaẜ
1;212;6;aus1;rahdijuẜchees;safe;l;;13;12126aus1rahdijuẜchees;16rahdijuẜchees;x;x;seehcẜujidhar
1;212;3;aus1;rahdijuẜchees;safe;l;;13;12123aus1rahdijuẜchees;13rahdijuẜchees;x;x;seehcẜujidhar
1;333;26;aus2;mahʒijuſchees;safe;l;;13;133326aus2mahʒijuſchees;126mahʒijuſchees;x;x;seehcſujiʒham
1;370;28;aus2;mahʒijuẜchees;safe;l;;13;137028aus2mahʒijuẜchees;128mahʒijuẜchees;x;x;seehcẜujiʒham
1;522;18;aus2;attnaͤẜuẜchees;safe;l;;14;152218aus2attnaͤẜuẜchees;118attnaͤẜuẜchees;x;x;seehcẜuẜͤantta
2;96;28;aus2;pahrmaͤttuẜchees;safe;l;;16;29628aus2pahrmaͤttuẜchees;228pahrmaͤttuẜchees;x;x;seehcẜuttͤamrhap
1;174;16;aus2;usmaͤttuẜchees;safe;l;;14;117416aus2usmaͤttuẜchees;116usmaͤttuẜchees;x;x;seehcẜuttͤamsu
2;112;2;peri;ee⸗ghadajees;safe;l;?;12;21122periee⸗ghadajees;22ee⸗ghadajees;x;x;seejadahg⸗ee
2;16;16;peri;Attghadajees;safe;u;?;12;21616periAttghadajees;216Attghadajees;x;x;seejadahgttA
1;5;24;aus2;Ꞩarrgajees;safe;l;?;10;1524aus2Ꞩarrgajees;124Ꞩarrgajees;x;x;seejagrraꞨ
3;161;28;aus2;ẜarrghajees;safe;l;?;11;316128aus2ẜarrghajees;328ẜarrghajees;x;x;seejahgrraẜ
2;150;13;aus2;Ꞩarrghajees;safe;l;?;11;215013aus2Ꞩarrghajees;213Ꞩarrghajees;x;x;seejahgrraꞨ
2;150;13;aus2;Ꞩarrghajees;safe;l;?;11;215013aus2Ꞩarrghajees;213Ꞩarrghajees;x;x;seejahgrraꞨ
1;120;31;aus2;ẜaͤdenajees;safe;l;?;11;112031aus2ẜaͤdenajees;131ẜaͤdenajees;x;x;seejanedͤaẜ
1;15;19;aus2;ẜaͤhdenajees;safe;l;?;12;11519aus2ẜaͤhdenajees;119ẜaͤhdenajees;x;x;seejanedhͤaẜ
1;103;4;aus2;wehlejees;safe;l;?;9;11034aus2wehlejees;14wehlejees;x;x;seejelhew
1;532;5;aus2;perejees;safe;l;?;8;15325aus2perejees;15perejees;x;x;seejerep
1;100;15;aus1;us⸗turrejees;safe;l;;12;110015aus1us⸗turrejees;115us⸗turrejees;x;x;seejerrut⸗su
1;262;10;aus2;ißredſejees;safe;l;?;11;126210aus2ißredſejees;110ißredſejees;x;x;seejeſderßi
3;85;24;peri;darrijees;safe;l;?;9;38524peridarrijees;324darrijees;x;x;seejirrad
1;241;10;peri;Luhkojees;safe;u;?;9;124110periLuhkojees;110Luhkojees;x;x;seejokhuL
1;267;14;peri;abſchaͤlojees;safe;l;?;13;126714periabſchaͤlojees;114abſchaͤlojees;x;x;seejolͤahcſba
2;139;12;aus2;Apſchaͤlojees;safe;u;?;13;213912aus2Apſchaͤlojees;212Apſchaͤlojees;x;x;seejolͤahcſpA
2;162;20;aus2;Dwehſẜelees;unsafe;u;;11;216220aus2Dwehſẜelees;220Dwehſẜelees;x;x;seeleẜſhewD
1;438;20;aus2;ʒehlees;unsafe;l;?;7;143820aus2ʒehlees;120ʒehlees;x;x;seelheʒ
1;421;17;aus1;ʒehlees;unsafe;l;?;7;142117aus1ʒehlees;117ʒehlees;x;x;seelheʒ
1;421;2;aus1;ʒehlees;unsafe;l;?;7;14212aus1ʒehlees;12ʒehlees;x;x;seelheʒ
1;420;18;peri;ʒehlees;unsafe;l;?;7;142018periʒehlees;118ʒehlees;x;x;seelheʒ
1;416;28;aus2;ʒehlees;unsafe;l;?;7;141628aus2ʒehlees;128ʒehlees;x;x;seelheʒ
2;266;13;peri;paʒehlees;unsafe;l;?;9;226613peripaʒehlees;213paʒehlees;x;x;seelheʒap
1;503;5;aus2;aukſchamʒehlees;unsafe;l;?;15;15035aus2aukſchamʒehlees;15aukſchamʒehlees;x;x;seelheʒmahcſkua
1;426;11;aus2;nopuhẜdahmees;unsafe;l;;13;142611aus2nopuhẜdahmees;111nopuhẜdahmees;x;x;seemhadẜhupon
3;209;15;aus2;paẜleppees;unsafe;l;;10;320915aus2paẜleppees;315paẜleppees;x;x;seeppelẜap
3;207;6;aus2;paẜleppees;unsafe;l;;10;32076aus2paẜleppees;36paẜleppees;x;x;seeppelẜap
3;205;12;aus2;Kaŗŗa⸗Wierees;unsafe;u;;13;320512aus2Kaŗŗa⸗Wierees;312Kaŗŗa⸗Wierees;x;x;seereiW⸗aŗŗaK
1;372;21;aus2;attgrees;unsafe;l;;8;137221aus2attgrees;121attgrees;x;x;seergtta
1;208;2;aus2;attgrees;unsafe;l;;8;12082aus2attgrees;12attgrees;x;x;seergtta
1;208;12;aus2;peedſehrees;unsafe;l;;11;120812aus2peedſehrees;112peedſehrees;x;x;seerheſdeep
1;68;8;aus2;Darrees;unsafe;u;;7;1688aus2Darrees;18Darrees;x;x;seerraD
2;112;4;peri;ẜaderrees;unsafe;l;;9;21124periẜaderrees;24ẜaderrees;x;x;seerredaẜ
3;171;9;aus2;leedſees;unsafe;l;?;8;31719aus2leedſees;39leedſees;x;x;seeſdeel
3;64;15;aus1;leedſees;unsafe;l;?;8;36415aus1leedſees;315leedſees;x;x;seeſdeel
1;96;27;aus2;ẜneedſees;unsafe;l;?;9;19627aus2ẜneedſees;127ẜneedſees;x;x;seeſdeenẜ
1;393;6;aus2;ſeedſees;unsafe;l;?;8;13936aus2ſeedſees;16ſeedſees;x;x;seeſdeeſ
3;142;5;peri;palliedſees;unsafe;l;?;11;31425peripalliedſees;35palliedſees;x;x;seeſdeillap
2;26;16;aus2;ſteidſees;unsafe;l;?;9;22616aus2ſteidſees;216ſteidſees;x;x;seeſdietſ
1;426;18;aus2;ſteidſees;unsafe;l;?;9;142618aus2ſteidſees;118ſteidſees;x;x;seeſdietſ
3;141;10;peri;pallidſees;unsafe;l;?;10;314110peripallidſees;310pallidſees;x;x;seeſdillap
1;458;31;aus2;atgreeſees;unsafe;l;?;10;145831aus2atgreeſees;131atgreeſees;x;x;seeſeergta
1;237;5;aus2;pahr⸗ghreeſees;unsafe;l;?;14;12375aus2pahr⸗ghreeſees;15pahr⸗ghreeſees;x;x;seeſeerhg⸗rhap
2;195;28;aus2;Attghreeſees;unsafe;u;?;12;219528aus2Attghreeſees;228Attghreeſees;x;x;seeſeerhgttA
2;70;5;aus2;Attghreeſees;unsafe;u;?;12;2705aus2Attghreeſees;25Attghreeſees;x;x;seeſeerhgttA
2;70;5;aus2;Attghreeſees;unsafe;u;?;12;2705aus2Attghreeſees;25Attghreeſees;x;x;seeſeerhgttA
2;270;29;aus2;attghreeſees;unsafe;l;?;12;227029aus2attghreeſees;229attghreeſees;x;x;seeſeerhgtta
2;47;6;aus2;attweddiẜees;unsafe;l;?;12;2476aus2attweddiẜees;26attweddiẜees;x;x;seeẜiddewtta
2;228;15;aus2;duſẜees;safe;l;;7;222815aus2duſẜees;215duſẜees;x;x;seeẜſud
1;73;26;aus1;waͤdduſẜees;safe;l;;11;17326aus1waͤdduſẜees;126waͤdduſẜees;x;x;seeẜſuddͤaw
1;113;25;aus1;preeʒajuſẜees;safe;l;;13;111325aus1preeʒajuſẜees;125preeʒajuſẜees;x;x;seeẜſujaʒeerp
1;215;3;aus2;radijuſẜees;safe;l;;11;12153aus2radijuſẜees;13radijuſẜees;x;x;seeẜſujidar
1;346;8;aus2;bahſuſẜees;safe;l;;10;13468aus2bahſuſẜees;18bahſuſẜees;x;x;seeẜſuſhab
1;481;10;aus2;pa⸗daͤwuſẜees;safe;l;;13;148110aus2pa⸗daͤwuſẜees;110pa⸗daͤwuſẜees;x;x;seeẜſuwͤad⸗ap
1;31;25;aus2;lauſees;safe;l;?;7;13125aus2lauſees;125lauſees;x;x;seeſual
1;106;27;aus2;leeʒees;unsafe;l;;7;110627aus2leeʒees;127leeʒees;x;x;seeʒeel
2;162;31;aus2;leetʒees;unsafe;l;;8;216231aus2leetʒees;231leetʒees;x;x;seeʒteel
2;116;24;aus2;leetʒees;unsafe;l;;8;211624aus2leetʒees;224leetʒees;x;x;seeʒteel
2;138;23;aus2;litʒees;unsafe;l;;7;213823aus2litʒees;223litʒees;x;x;seeʒtil
1;75;12;aus2;notitʒees;unsafe;l;;9;17512aus2notitʒees;112notitʒees;x;x;seeʒtiton
2;150;9;aus2;jauʒees;unsafe;l;;7;21509aus2jauʒees;29jauʒees;x;x;seeʒuaj
1;451;14;aus2;ẜaghrahbis;unsafe;l;;10;145114aus2ẜaghrahbis;114ẜaghrahbis;x;x;sibharhgaẜ
1;108;6;aus2;ẜaghrahbis;unsafe;l;;10;11086aus2ẜaghrahbis;16ẜaghrahbis;x;x;sibharhgaẜ
1;18;29;aus2;aisghrahbis;unsafe;l;;11;11829aus2aisghrahbis;129aisghrahbis;x;x;sibharhgsia
3;148;12;aus2;apgheibis;unsafe;l;;9;314812aus2apgheibis;312apgheibis;x;x;sibiehgpa
2;129;25;aus2;ghehrbis;unsafe;l;;8;212925aus2ghehrbis;225ghehrbis;x;x;sibrhehg
3;99;26;aus2;apghehrbis;unsafe;l;;10;39926aus2apghehrbis;326apghehrbis;x;x;sibrhehgpa
3;107;28;aus2;attradis;unsafe;l;;8;310728aus2attradis;328attradis;x;x;sidartta
1;424;21;aus2;eeraddis;unsafe;l;;8;142421aus2eeraddis;121eeraddis;x;x;siddaree
3;102;28;aus2;attraddis;unsafe;l;;9;310228aus2attraddis;328attraddis;x;x;siddartta
3;100;27;aus2;attraddis;unsafe;l;;9;310027aus2attraddis;327attraddis;x;x;siddartta
3;61;22;aus1;attraddis;unsafe;l;;9;36122aus1attraddis;322attraddis;x;x;siddartta
2;67;19;aus2;attraddis;unsafe;l;;9;26719aus2attraddis;219attraddis;x;x;siddartta
2;61;28;aus1;attraddis;unsafe;l;;9;26128aus1attraddis;228attraddis;x;x;siddartta
2;61;24;aus1;attraddis;unsafe;l;;9;26124aus1attraddis;224attraddis;x;x;siddartta
2;52;27;aus2;attraddis;unsafe;l;;9;25227aus2attraddis;227attraddis;x;x;siddartta
1;550;23;aus2;attraddis;unsafe;l;;9;155023aus2attraddis;123attraddis;x;x;siddartta
3;88;5;aus2;weddis;unsafe;l;;6;3885aus2weddis;35weddis;x;x;siddew
2;201;9;aus2;weddis;unsafe;l;;6;22019aus2weddis;29weddis;x;x;siddew
2;94;24;aus2;weddis;unsafe;l;;6;29424aus2weddis;224weddis;x;x;siddew
1;518;17;aus2;weddis;unsafe;l;;6;151817aus2weddis;117weddis;x;x;siddew
1;505;24;aus2;weddis;unsafe;l;;6;150524aus2weddis;124weddis;x;x;siddew
1;291;15;aus2;weddis;unsafe;l;;6;129115aus2weddis;115weddis;x;x;siddew
1;287;24;aus2;weddis;unsafe;l;;6;128724aus2weddis;124weddis;x;x;siddew
1;44;16;aus2;weddis;unsafe;l;;6;14416aus2weddis;116weddis;x;x;siddew
1;534;30;aus2;ẜaweddis;unsafe;l;;8;153430aus2ẜaweddis;130ẜaweddis;x;x;siddewaẜ
2;201;8;aus2;noweddis;unsafe;l;;8;22018aus2noweddis;28noweddis;x;x;siddewon
3;97;7;aus2;ißweddis;unsafe;l;;8;3977aus2ißweddis;37ißweddis;x;x;siddewßi
1;409;12;aus1;ißweddis;unsafe;l;;8;140912aus1ißweddis;112ißweddis;x;x;siddewßi
1;104;29;aus2;ißweddis;unsafe;l;;8;110429aus2ißweddis;129ißweddis;x;x;siddewßi
2;61;4;peri;ſuddis;unsafe;l;;6;2614periſuddis;24ſuddis;x;x;sidduſ
1;319;7;aus2;pa⸗ſuddis;unsafe;l;;9;13197aus2pa⸗ſuddis;17pa⸗ſuddis;x;x;sidduſ⸗ap
3;76;21;aus1;paſuddis;unsafe;l;;8;37621aus1paſuddis;321paſuddis;x;x;sidduſap
3;54;26;aus2;paſuddis;unsafe;l;;8;35426aus2paſuddis;326paſuddis;x;x;sidduſap
2;88;21;aus2;paſuddis;unsafe;l;;8;28821aus2paſuddis;221paſuddis;x;x;sidduſap
2;56;29;aus2;paſuddis;unsafe;l;;8;25629aus2paſuddis;229paſuddis;x;x;sidduſap
1;554;20;aus2;paſuddis;unsafe;l;;8;155420aus2paſuddis;120paſuddis;x;x;sidduſap
1;503;18;aus2;paſuddis;unsafe;l;;8;150318aus2paſuddis;118paſuddis;x;x;sidduſap
1;500;10;peri;paſuddis;unsafe;l;;8;150010peripaſuddis;110paſuddis;x;x;sidduſap
1;389;27;aus2;paſuddis;unsafe;l;;8;138927aus2paſuddis;127paſuddis;x;x;sidduſap
1;377;15;aus2;paſuddis;unsafe;l;;8;137715aus2paſuddis;115paſuddis;x;x;sidduſap
1;237;2;aus2;paſuddis;unsafe;l;;8;12372aus2paſuddis;12paſuddis;x;x;sidduſap
1;162;6;aus2;paſuddis;unsafe;l;;8;11626aus2paſuddis;16paſuddis;x;x;sidduſap
1;136;28;aus2;paſuddis;unsafe;l;;8;113628aus2paſuddis;128paſuddis;x;x;sidduſap
1;65;10;aus2;paſuddis;unsafe;l;;8;16510aus2paſuddis;110paſuddis;x;x;sidduſap
3;131;11;aus2;iß⸗ſpeedis;unsafe;l;;10;313111aus2iß⸗ſpeedis;311iß⸗ſpeedis;x;x;sideepſ⸗ßi
1;81;29;aus2;attſpeedis;unsafe;l;;10;18129aus2attſpeedis;129attſpeedis;x;x;sideepſtta
2;202;8;aus2;noſpreedis;unsafe;l;;10;22028aus2noſpreedis;28noſpreedis;x;x;sideerpſon
3;51;12;aus2;ẜweedis;unsafe;l;;7;35112aus2ẜweedis;312ẜweedis;x;x;sideewẜ
1;439;22;aus2;eeliedis;unsafe;l;;8;143922aus2eeliedis;122eeliedis;x;x;sideilee
2;105;30;aus2;kliedis;unsafe;l;;7;210530aus2kliedis;230kliedis;x;x;sideilk
1;172;23;aus1;ißkliedis;unsafe;l;;9;117223aus1ißkliedis;123ißkliedis;x;x;sideilkßi
1;471;16;aus2;briedis;unsafe;l;;7;147116aus2briedis;116briedis;x;x;sideirb
1;312;11;peri;ſiedis;unsafe;l;;6;131211periſiedis;111ſiedis;x;x;sideiſ
1;218;6;aus2;ẜwiedis;unsafe;l;;7;12186aus2ẜwiedis;16ẜwiedis;x;x;sideiwẜ
3;8;24;aus2;ehdis;unsafe;l;;5;3824aus2ehdis;324ehdis;x;x;sidhe
2;195;6;aus2;ehdis;unsafe;l;;5;21956aus2ehdis;26ehdis;x;x;sidhe
2;133;23;aus2;ehdis;unsafe;l;;5;213323aus2ehdis;223ehdis;x;x;sidhe
1;287;15;aus2;ehdis;unsafe;l;;5;128715aus2ehdis;115ehdis;x;x;sidhe
1;287;10;aus2;ehdis;unsafe;l;;5;128710aus2ehdis;110ehdis;x;x;sidhe
1;261;1;aus2;ehdis;unsafe;l;;5;12611aus2ehdis;11ehdis;x;x;sidhe
1;148;26;aus2;ehdis;unsafe;l;;5;114826aus2ehdis;126ehdis;x;x;sidhe
2;259;8;aus2;ehdis;unsafe;l;;5;22598aus2ehdis;28ehdis;x;x;sidhe
1;95;11;aus2;pee⸗ehdis;unsafe;l;;9;19511aus2pee⸗ehdis;111pee⸗ehdis;x;x;sidhe⸗eep
2;264;20;aus2;pee⸗ehdis;unsafe;l;;9;226420aus2pee⸗ehdis;220pee⸗ehdis;x;x;sidhe⸗eep
3;182;12;aus2;nhe⸗ehdis;unsafe;l;;9;318212aus2nhe⸗ehdis;312nhe⸗ehdis;x;x;sidhe⸗ehn
1;287;11;aus2;nhe⸗ehdis;unsafe;l;;9;128711aus2nhe⸗ehdis;111nhe⸗ehdis;x;x;sidhe⸗ehn
2;312;29;aus2;ap⸗ehdis;unsafe;l;;8;231229aus2ap⸗ehdis;229ap⸗ehdis;x;x;sidhe⸗pa
1;335;30;aus2;aͤhdis;unsafe;l;;6;133530aus2aͤhdis;130aͤhdis;x;x;sidhͤa
2;145;6;aus2;pee⸗aͤhdis;unsafe;l;;10;21456aus2pee⸗aͤhdis;26pee⸗aͤhdis;x;x;sidhͤa⸗eep
1;552;15;aus2;apehdis;unsafe;l;;7;155215aus2apehdis;115apehdis;x;x;sidhepa
1;315;10;aus2;ap⸗ẜehdis;unsafe;l;;9;131510aus2ap⸗ẜehdis;110ap⸗ẜehdis;x;x;sidheẜ⸗pa
1;313;27;aus2;ap⸗ẜehdis;unsafe;l;;9;131327aus2ap⸗ẜehdis;127ap⸗ẜehdis;x;x;sidheẜ⸗pa
3;57;11;aus2;ußmohdis;unsafe;l;;8;35711aus2ußmohdis;311ußmohdis;x;x;sidhomßu
1;335;20;aus2;usmohdis;unsafe;l;;8;133520aus2usmohdis;120usmohdis;x;x;sidhomsu
2;21;19;aus2;Vsmohdis;unsafe;u;;8;22119aus2Vsmohdis;219Vsmohdis;x;x;sidhomsV
1;206;2;aus2;eelaidis;unsafe;l;;8;12062aus2eelaidis;12eelaidis;x;x;sidialee
3;109;28;aus2;nolaidis;unsafe;l;;8;310928aus2nolaidis;328nolaidis;x;x;sidialon
3;146;10;aus1;ißlaidis;unsafe;l;;8;314610aus1ißlaidis;310ißlaidis;x;x;sidialßi
2;341;26;aus2;attlaidis;unsafe;l;;9;234126aus2attlaidis;226attlaidis;x;x;sidialtta
2;368;20;peri;attlaidis;unsafe;l;;9;236820periattlaidis;220attlaidis;x;x;sidialtta
1;307;30;aus2;dſirrdis;unsafe;l;;8;130730aus2dſirrdis;130dſirrdis;x;x;sidrriſd
2;8;31;aus2;deis;unsafe;l;;4;2831aus2deis;231deis;x;x;sied
1;145;9;aus2;weddeis;unsafe;l;;7;11459aus2weddeis;19weddeis;x;x;sieddew
1;480;22;aus2;pehdeis;unsafe;l;;7;148022aus2pehdeis;122pehdeis;x;x;siedhep
1;107;15;aus2;no⸗rijeis;unsafe;l;;9;110715aus2no⸗rijeis;115no⸗rijeis;x;x;siejir⸗on
2;226;10;aus2;legis;unsafe;l;;5;222610aus2legis;210legis;x;x;sigel
2;189;29;aus2;ẜohdigis;unsafe;l;;8;218929aus2ẜohdigis;229ẜohdigis;x;x;sigidhoẜ
1;45;10;aus2;ẜatʒigis;unsafe;l;;8;14510aus2ẜatʒigis;110ẜatʒigis;x;x;sigiʒtaẜ
1;45;8;aus2;ẜatʒigis;unsafe;l;;8;1458aus2ẜatʒigis;18ẜatʒigis;x;x;sigiʒtaẜ
1;165;24;aus2;Ꞩkaughis;unsafe;l;;8;116524aus2Ꞩkaughis;124Ꞩkaughis;x;x;sihguakꞨ
3;89;3;aus2;jhis;unsafe;l;;4;3893aus2jhis;33jhis;x;x;sihj
2;214;15;aus2;biis;unsafe;l;;4;221415aus2biis;215biis;x;x;siib
1;276;20;aus2;dajis;safe;l;;5;127620aus2dajis;120dajis;x;x;sijad
1;260;29;aus2;dajis;safe;l;;5;126029aus2dajis;129dajis;x;x;sijad
1;243;23;aus2;ab⸗ghadajis;safe;l;;11;124323aus2ab⸗ghadajis;123ab⸗ghadajis;x;x;sijadahg⸗ba
1;383;7;aus2;dſeedajis;safe;l;;9;13837aus2dſeedajis;17dſeedajis;x;x;sijadeeſd
3;186;29;aus2;ſtrahdajis;safe;l;;10;318629aus2ſtrahdajis;329ſtrahdajis;x;x;sijadhartſ
3;69;11;aus1;ſtrahdajis;safe;l;;10;36911aus1ſtrahdajis;311ſtrahdajis;x;x;sijadhartſ
2;186;21;aus1;ſtrahdajis;safe;l;;10;218621aus1ſtrahdajis;221ſtrahdajis;x;x;sijadhartſ
2;176;7;aus2;ſtrahdajis;safe;l;;10;21767aus2ſtrahdajis;27ſtrahdajis;x;x;sijadhartſ
2;136;4;aus1;ſtrahdajis;safe;l;;10;21364aus1ſtrahdajis;24ſtrahdajis;x;x;sijadhartſ
2;100;25;aus1;ſtrahdajis;safe;l;;10;210025aus1ſtrahdajis;225ſtrahdajis;x;x;sijadhartſ
1;468;4;aus2;ſtrahdajis;safe;l;;10;14684aus2ſtrahdajis;14ſtrahdajis;x;x;sijadhartſ
1;302;19;aus2;ſtrahdajis;safe;l;;10;130219aus2ſtrahdajis;119ſtrahdajis;x;x;sijadhartſ
1;294;28;aus2;ſtrahdajis;safe;l;;10;129428aus2ſtrahdajis;128ſtrahdajis;x;x;sijadhartſ
1;278;23;aus2;ſtrahdajis;safe;l;;10;127823aus2ſtrahdajis;123ſtrahdajis;x;x;sijadhartſ
1;250;18;aus2;ſtrahdajis;safe;l;;10;125018aus2ſtrahdajis;118ſtrahdajis;x;x;sijadhartſ
2;302;27;aus2;ſtrahdajis;safe;l;;10;230227aus2ſtrahdajis;227ſtrahdajis;x;x;sijadhartſ
1;335;12;aus2;ee⸗ſtrahdajis;safe;l;;13;133512aus2ee⸗ſtrahdajis;112ee⸗ſtrahdajis;x;x;sijadhartſ⸗ee
1;201;26;aus2;ap⸗ſtrahdajis;safe;l;;13;120126aus2ap⸗ſtrahdajis;126ap⸗ſtrahdajis;x;x;sijadhartſ⸗pa
2;101;26;aus2;noſtrahdajis;safe;l;;12;210126aus2noſtrahdajis;226noſtrahdajis;x;x;sijadhartſon
1;398;12;aus2;noſtrahdajis;safe;l;;12;139812aus2noſtrahdajis;112noſtrahdajis;x;x;sijadhartſon
1;207;7;aus2;noſtrahdajis;safe;l;;12;12077aus2noſtrahdajis;17noſtrahdajis;x;x;sijadhartſon
2;125;20;aus1;apſtrahdajis;safe;l;;12;212520aus1apſtrahdajis;220apſtrahdajis;x;x;sijadhartſpa
2;24;5;aus2;baͤhdajis;safe;l;;9;2245aus2baͤhdajis;25baͤhdajis;x;x;sijadhͤab
2;188;27;aus2;raudajis;safe;l;;8;218827aus2raudajis;227raudajis;x;x;sijaduar
2;188;14;aus2;raudajis;safe;l;;8;218814aus2raudajis;214raudajis;x;x;sijaduar
3;42;2;aus2;ghajis;safe;l;;6;3422aus2ghajis;32ghajis;x;x;sijahg
3;8;21;aus2;ghajis;safe;l;;6;3821aus2ghajis;321ghajis;x;x;sijahg
2;217;28;aus2;ghajis;safe;l;;6;221728aus2ghajis;228ghajis;x;x;sijahg
2;200;1;aus2;ghajis;safe;l;;6;22001aus2ghajis;21ghajis;x;x;sijahg
2;66;27;aus2;ghajis;safe;l;;6;26627aus2ghajis;227ghajis;x;x;sijahg
2;66;18;aus2;ghajis;safe;l;;6;26618aus2ghajis;218ghajis;x;x;sijahg
2;60;15;peri;ghajis;safe;l;;6;26015perighajis;215ghajis;x;x;sijahg
1;501;14;aus1;ghajis;safe;l;;6;150114aus1ghajis;114ghajis;x;x;sijahg
1;486;16;aus2;ghajis;safe;l;;6;148616aus2ghajis;116ghajis;x;x;sijahg
1;441;2;aus2;ghajis;safe;l;;6;14412aus2ghajis;12ghajis;x;x;sijahg
1;424;2;aus2;ghajis;safe;l;;6;14242aus2ghajis;12ghajis;x;x;sijahg
1;247;17;aus2;ghajis;safe;l;;6;124717aus2ghajis;117ghajis;x;x;sijahg
1;179;23;aus2;ghajis;safe;l;;6;117923aus2ghajis;123ghajis;x;x;sijahg
1;126;10;intr;ghajis;safe;l;;6;112610intrghajis;110ghajis;x;x;sijahg
1;105;30;aus2;ghajis;safe;l;;6;110530aus2ghajis;130ghajis;x;x;sijahg
1;94;20;aus2;ghajis;safe;l;;6;19420aus2ghajis;120ghajis;x;x;sijahg
2;263;23;aus2;ghajis;safe;l;;6;226323aus2ghajis;223ghajis;x;x;sijahg
1;184;21;aus2;pa⸗ghajis;safe;l;;9;118421aus2pa⸗ghajis;121pa⸗ghajis;x;x;sijahg⸗ap
2;263;23;aus2;ee⸗ghajis;safe;l;;9;226323aus2ee⸗ghajis;223ee⸗ghajis;x;x;sijahg⸗ee
1;493;31;aus2;pee⸗ghajis;safe;l;;10;149331aus2pee⸗ghajis;131pee⸗ghajis;x;x;sijahg⸗eep
1;138;13;aus2;pahr⸗ghajis;safe;l;;11;113813aus2pahr⸗ghajis;113pahr⸗ghajis;x;x;sijahg⸗rhap
1;330;5;aus2;ais⸗ghajis;safe;l;;10;13305aus2ais⸗ghajis;15ais⸗ghajis;x;x;sijahg⸗sia
1;331;2;aus2;iß⸗ghajis;safe;l;;9;13312aus2iß⸗ghajis;12iß⸗ghajis;x;x;sijahg⸗ßi
1;147;9;aus2;iß⸗ghajis;safe;l;;9;11479aus2iß⸗ghajis;19iß⸗ghajis;x;x;sijahg⸗ßi
2;245;2;aus2;paghajis;safe;l;;8;22452aus2paghajis;22paghajis;x;x;sijahgap
1;115;28;aus2;ẜaghajis;safe;l;;8;111528aus2ẜaghajis;128ẜaghajis;x;x;sijahgaẜ
1;38;11;peri;eghajis;safe;l;;7;13811perieghajis;111eghajis;x;x;sijahge
3;110;30;aus2;eeghajis;safe;l;;8;311030aus2eeghajis;330eeghajis;x;x;sijahgee
1;59;1;aus2;eeghajis;safe;l;;8;1591aus2eeghajis;11eeghajis;x;x;sijahgee
1;444;19;aus2;dagghajis;safe;l;;9;144419aus2dagghajis;119dagghajis;x;x;sijahggad
2;239;28;aus2;ſtaighajis;safe;l;;10;223928aus2ſtaighajis;228ſtaighajis;x;x;sijahgiatſ
2;234;14;aus2;ſtaighajis;safe;l;;10;223414aus2ſtaighajis;214ſtaighajis;x;x;sijahgiatſ
1;424;2;aus2;ſtaighajis;safe;l;;10;14242aus2ſtaighajis;12ſtaighajis;x;x;sijahgiatſ
1;219;15;aus2;ſtaighajis;safe;l;;10;121915aus2ſtaighajis;115ſtaighajis;x;x;sijahgiatſ
1;182;10;aus2;ſtaighajis;safe;l;;10;118210aus2ſtaighajis;110ſtaighajis;x;x;sijahgiatſ
1;93;2;aus2;ſtaighajis;safe;l;;10;1932aus2ſtaighajis;12ſtaighajis;x;x;sijahgiatſ
2;302;26;aus2;iß⸗ſtaighajis;safe;l;;13;230226aus2iß⸗ſtaighajis;226iß⸗ſtaighajis;x;x;sijahgiatſ⸗ßi
2;205;16;aus2;noghajis;safe;l;;8;220516aus2noghajis;216noghajis;x;x;sijahgon
2;200;9;aus2;paẜahrghajis;safe;l;;12;22009aus2paẜahrghajis;29paẜahrghajis;x;x;sijahgrhaẜap
2;87;5;aus2;pa⸗ẜarrghajis;safe;l;;13;2875aus2pa⸗ẜarrghajis;25pa⸗ẜarrghajis;x;x;sijahgrraẜ⸗ap
1;542;30;aus1;paẜarrghajis;safe;l;;12;154230aus1paẜarrghajis;130paẜarrghajis;x;x;sijahgrraẜap
2;288;30;aus2;paẜarrghajis;safe;l;;12;228830aus2paẜarrghajis;230paẜarrghajis;x;x;sijahgrraẜap
3;136;3;aus2;aisghajis;safe;l;;9;31363aus2aisghajis;33aisghajis;x;x;sijahgsia
1;488;17;peri;ißghajis;safe;l;;8;148817periißghajis;117ißghajis;x;x;sijahgßi
1;488;11;peri;ißghajis;safe;l;;8;148811periißghajis;111ißghajis;x;x;sijahgßi
1;488;10;peri;ißghajis;safe;l;;8;148810periißghajis;110ißghajis;x;x;sijahgßi
1;311;26;peri;ißghajis;safe;l;;8;131126periißghajis;126ißghajis;x;x;sijahgßi
1;104;15;aus2;ißghajis;safe;l;;8;110415aus2ißghajis;115ißghajis;x;x;sijahgßi
3;100;25;aus2;Jßghajis;safe;u;;8;310025aus2Jßghajis;325Jßghajis;x;x;sijahgßJ
3;113;21;aus2;maſghajis;safe;l;;9;311321aus2maſghajis;321maſghajis;x;x;sijahgſam
1;218;13;aus2;maſghajis;safe;l;;9;121813aus2maſghajis;113maſghajis;x;x;sijahgſam
1;97;29;aus2;maſghajis;safe;l;;9;19729aus2maſghajis;129maſghajis;x;x;sijahgſam
1;390;9;aus2;nomaſghajis;safe;l;;11;13909aus2nomaſghajis;19nomaſghajis;x;x;sijahgſamon
2;26;3;aus2;bijajis;safe;l;;7;2263aus2bijajis;23bijajis;x;x;sijajib
3;65;28;aus1;mieļajis;safe;l;;8;36528aus1mieļajis;328mieļajis;x;x;sijaļeim
3;29;28;aus2;majis;safe;l;;5;32928aus2majis;328majis;x;x;sijam
3;212;16;aus2;dohmajis;safe;l;;8;321216aus2dohmajis;316dohmajis;x;x;sijamhod
2;182;19;aus2;dohmajis;safe;l;;8;218219aus2dohmajis;219dohmajis;x;x;sijamhod
1;512;30;aus2;dohmajis;safe;l;;8;151230aus2dohmajis;130dohmajis;x;x;sijamhod
3;127;10;aus2;apdohmajis;safe;l;;10;312710aus2apdohmajis;310apdohmajis;x;x;sijamhodpa
1;421;27;aus1;apdohmajis;safe;l;;10;142127aus1apdohmajis;127apdohmajis;x;x;sijamhodpa
1;211;8;aus1;apdohmajis;safe;l;;10;12118aus1apdohmajis;18apdohmajis;x;x;sijamhodpa
1;77;6;aus2;apdohmajis;safe;l;;10;1776aus2apdohmajis;16apdohmajis;x;x;sijamhodpa
2;122;17;aus2;lammajis;safe;l;;8;212217aus2lammajis;217lammajis;x;x;sijammal
1;274;12;aus2;domajis;safe;l;;7;127412aus2domajis;112domajis;x;x;sijamod
1;244;21;aus2;domajis;safe;l;;7;124421aus2domajis;121domajis;x;x;sijamod
1;149;3;aus2;domajis;safe;l;;7;11493aus2domajis;13domajis;x;x;sijamod
1;135;18;aus2;domajis;safe;l;;7;113518aus2domajis;118domajis;x;x;sijamod
3;101;24;aus2;najis;safe;l;;5;310124aus2najis;324najis;x;x;sijan
3;40;26;aus2;najis;safe;l;;5;34026aus2najis;326najis;x;x;sijan
3;34;18;peri;najis;safe;l;;5;33418perinajis;318najis;x;x;sijan
2;176;5;aus2;najis;safe;l;;5;21765aus2najis;25najis;x;x;sijan
2;123;4;intr;najis;safe;l;;5;21234intrnajis;24najis;x;x;sijan
2;49;6;aus2;najis;safe;l;;5;2496aus2najis;26najis;x;x;sijan
2;47;20;aus2;najis;safe;l;;5;24720aus2najis;220najis;x;x;sijan
2;1;4;intr;najis;safe;l;;5;214intrnajis;24najis;x;x;sijan
1;506;12;aus2;najis;safe;l;;5;150612aus2najis;112najis;x;x;sijan
1;503;27;aus2;najis;safe;l;;5;150327aus2najis;127najis;x;x;sijan
1;501;4;peri;najis;safe;l;;5;15014perinajis;14najis;x;x;sijan
1;436;9;aus1;najis;safe;l;;5;14369aus1najis;19najis;x;x;sijan
1;394;6;aus2;najis;safe;l;;5;13946aus2najis;16najis;x;x;sijan
1;211;22;aus1;najis;safe;l;;5;121122aus1najis;122najis;x;x;sijan
1;161;24;aus2;najis;safe;l;;5;116124aus2najis;124najis;x;x;sijan
1;93;22;aus2;najis;safe;l;;5;19322aus2najis;122najis;x;x;sijan
1;36;24;aus2;najis;safe;l;;5;13624aus2najis;124najis;x;x;sijan
2;236;21;intr;denajis;safe;l;;7;223621intrdenajis;221denajis;x;x;sijaned
1;456;30;aus2;denajis;safe;l;;7;145630aus2denajis;130denajis;x;x;sijaned
1;420;24;aus1;denajis;safe;l;;7;142024aus1denajis;124denajis;x;x;sijaned
1;284;12;aus2;denajis;safe;l;;7;128412aus2denajis;112denajis;x;x;sijaned
2;10;11;aus2;dſimbdenajis;safe;l;;12;21011aus2dſimbdenajis;211dſimbdenajis;x;x;sijanedbmiſd
2;10;8;aus2;dſimbdenajis;safe;l;;12;2108aus2dſimbdenajis;28dſimbdenajis;x;x;sijanedbmiſd
2;187;30;aus2;ẜluddenajis;safe;l;;11;218730aus2ẜluddenajis;230ẜluddenajis;x;x;sijaneddulẜ
1;360;14;aus2;ẜluddenajis;safe;l;;11;136014aus2ẜluddenajis;114ẜluddenajis;x;x;sijaneddulẜ
1;348;8;aus2;ẜluddenajis;safe;l;;11;13488aus2ẜluddenajis;18ẜluddenajis;x;x;sijaneddulẜ
1;270;22;aus2;ẜluddenajis;safe;l;;11;127022aus2ẜluddenajis;122ẜluddenajis;x;x;sijaneddulẜ
1;15;2;aus2;ẜluddenajis;safe;l;;11;1152aus2ẜluddenajis;12ẜluddenajis;x;x;sijaneddulẜ
1;272;16;aus2;pa⸗ẜluddenajis;safe;l;;14;127216aus2pa⸗ẜluddenajis;116pa⸗ẜluddenajis;x;x;sijaneddulẜ⸗ap
1;52;15;aus1;paẜluddenajis;safe;l;;13;15215aus1paẜluddenajis;115paẜluddenajis;x;x;sijaneddulẜap
1;15;10;aus2;paẜluddenajis;safe;l;;13;11510aus2paẜluddenajis;110paẜluddenajis;x;x;sijaneddulẜap
1;16;1;aus2;paſļuddenajis;safe;l;;13;1161aus2paſļuddenajis;11paſļuddenajis;x;x;sijanedduļſap
1;329;4;aus1;pe⸗aͤdenajis;safe;l;;12;13294aus1pe⸗aͤdenajis;14pe⸗aͤdenajis;x;x;sijanedͤa⸗ep
3;77;12;aus1;dſeedenajis;safe;l;;11;37712aus1dſeedenajis;312dſeedenajis;x;x;sijanedeeſd
2;239;18;aus1;dſeedenajis;safe;l;;11;223918aus1dſeedenajis;218dſeedenajis;x;x;sijanedeeſd
2;225;10;aus1;dſeedenajis;safe;l;;11;222510aus1dſeedenajis;210dſeedenajis;x;x;sijanedeeſd
1;153;15;aus2;dſeedenajis;safe;l;;11;115315aus2dſeedenajis;115dſeedenajis;x;x;sijanedeeſd
2;129;24;aus2;aͤhdenajis;safe;l;;10;212924aus2aͤhdenajis;224aͤhdenajis;x;x;sijanedhͤa
2;126;24;aus1;aͤhdenajis;safe;l;;10;212624aus1aͤhdenajis;224aͤhdenajis;x;x;sijanedhͤa
2;136;24;aus1;pee⸗aͤhdenajis;safe;l;;14;213624aus1pee⸗aͤhdenajis;224pee⸗aͤhdenajis;x;x;sijanedhͤa⸗eep
1;333;20;aus2;pee⸗aͤhdenajis;safe;l;;14;133320aus2pee⸗aͤhdenajis;120pee⸗aͤhdenajis;x;x;sijanedhͤa⸗eep
1;329;8;aus1;pee⸗aͤhdenajis;safe;l;;14;13298aus1pee⸗aͤhdenajis;18pee⸗aͤhdenajis;x;x;sijanedhͤa⸗eep
1;325;10;intr;pee⸗aͤhdenajis;safe;l;;14;132510intrpee⸗aͤhdenajis;110pee⸗aͤhdenajis;x;x;sijanedhͤa⸗eep
1;508;20;aus2;ẜaͤhdenajis;safe;l;;11;150820aus2ẜaͤhdenajis;120ẜaͤhdenajis;x;x;sijanedhͤaẜ
2;133;5;aus2;ẜaͤhdenajis;safe;l;;11;21335aus2ẜaͤhdenajis;25ẜaͤhdenajis;x;x;sijanedhͤaẜ
2;133;5;aus2;ẜehdenajis;safe;l;;10;21335aus2ẜehdenajis;25ẜehdenajis;x;x;sijanedheẜ
1;168;30;aus2;mohdenajis;safe;l;;10;116830aus2mohdenajis;130mohdenajis;x;x;sijanedhom
1;534;24;aus2;usmohdenajis;safe;l;;12;153424aus2usmohdenajis;124usmohdenajis;x;x;sijanedhomsu
1;534;22;aus2;usmohdenajis;safe;l;;12;153422aus2usmohdenajis;122usmohdenajis;x;x;sijanedhomsu
1;508;19;aus2;usmohdenajis;safe;l;;12;150819aus2usmohdenajis;119usmohdenajis;x;x;sijanedhomsu
1;214;23;aus2;usmohdenajis;safe;l;;12;121423aus2usmohdenajis;123usmohdenajis;x;x;sijanedhomsu
2;403;20;aus2;usmohdenajis;safe;l;;12;240320aus2usmohdenajis;220usmohdenajis;x;x;sijanedhomsu
2;403;23;aus2;usmohdenajis;safe;l;;12;240323aus2usmohdenajis;223usmohdenajis;x;x;sijanedhomsu
2;5;15;aus2;dſimdenajis;safe;l;;11;2515aus2dſimdenajis;215dſimdenajis;x;x;sijanedmiſd
3;174;10;aus2;dſimmdenajis;safe;l;;12;317410aus2dſimmdenajis;310dſimmdenajis;x;x;sijanedmmiſd
1;297;24;aus1;kahrdenajis;safe;l;;11;129724aus1kahrdenajis;124kahrdenajis;x;x;sijanedrhak
1;283;30;aus1;kahrdenajis;safe;l;;11;128330aus1kahrdenajis;130kahrdenajis;x;x;sijanedrhak
2;129;24;aus2;dſirrdenajis;safe;l;;12;212924aus2dſirrdenajis;224dſirrdenajis;x;x;sijanedrriſd
2;94;27;aus2;dſirrdenajis;safe;l;;12;29427aus2dſirrdenajis;227dſirrdenajis;x;x;sijanedrriſd
1;195;21;aus2;ſtipprenajis;safe;l;;12;119521aus2ſtipprenajis;121ſtipprenajis;x;x;sijanerppitſ
1;233;9;aus2;apſtipprenajis;safe;l;;14;12339aus2apſtipprenajis;19apſtipprenajis;x;x;sijanerppitſpa
1;511;10;aus2;ee⸗daͤdſenajis;safe;l;;14;151110aus2ee⸗daͤdſenajis;110ee⸗daͤdſenajis;x;x;sijaneſdͤad⸗ee
2;81;11;aus2;ẜadaͤdſenajis;safe;l;;13;28111aus2ẜadaͤdſenajis;211ẜadaͤdſenajis;x;x;sijaneſdͤadaẜ
3;160;4;aus2;ẜaliedſenajis;safe;l;;13;31604aus2ẜaliedſenajis;34ẜaliedſenajis;x;x;sijaneſdeilaẜ
2;110;15;aus2;ẜaliedſenajis;safe;l;;13;211015aus2ẜaliedſenajis;215ẜaliedſenajis;x;x;sijaneſdeilaẜ
1;56;29;aus2;ẜaliedſenajis;safe;l;;13;15629aus2ẜaliedſenajis;129ẜaliedſenajis;x;x;sijaneſdeilaẜ
1;298;9;aus1;wahrdſenajis;safe;l;;12;12989aus1wahrdſenajis;19wahrdſenajis;x;x;sijaneſdrhaw
2;124;23;aus1;audẜenajis;safe;l;;10;212423aus1audẜenajis;223audẜenajis;x;x;sijaneẜdua
1;133;2;aus2;usaudſenajis;safe;l;;12;11332aus2usaudſenajis;12usaudſenajis;x;x;sijaneſduasu
3;69;12;aus1;kluſẜenajis;safe;l;;11;36912aus1kluſẜenajis;312kluſẜenajis;x;x;sijaneẜſulk
2;228;25;aus2;kluſẜenajis;safe;l;;11;222825aus2kluſẜenajis;225kluſẜenajis;x;x;sijaneẜſulk
1;404;4;aus2;kaitenajis;safe;l;;10;14044aus2kaitenajis;14kaitenajis;x;x;sijanetiak
3;75;32;aus1;apkaitenajis;safe;l;;12;37532aus1apkaitenajis;332apkaitenajis;x;x;sijanetiakpa
3;74;26;aus1;apkaitenajis;safe;l;;12;37426aus1apkaitenajis;326apkaitenajis;x;x;sijanetiakpa
3;73;5;aus1;apkaitenajis;safe;l;;12;3735aus1apkaitenajis;35apkaitenajis;x;x;sijanetiakpa
3;29;20;aus2;apkaitenajis;safe;l;;12;32920aus2apkaitenajis;320apkaitenajis;x;x;sijanetiakpa
2;82;13;aus2;apkaitenajis;safe;l;;12;28213aus2apkaitenajis;213apkaitenajis;x;x;sijanetiakpa
1;468;11;aus2;apkaitenajis;safe;l;;12;146811aus2apkaitenajis;111apkaitenajis;x;x;sijanetiakpa
1;444;23;aus2;apkaitenajis;safe;l;;12;144423aus2apkaitenajis;123apkaitenajis;x;x;sijanetiakpa
1;443;14;aus2;apkaitenajis;safe;l;;12;144314aus2apkaitenajis;114apkaitenajis;x;x;sijanetiakpa
2;331;13;aus2;apkaitenajis;safe;l;;12;233113aus2apkaitenajis;213apkaitenajis;x;x;sijanetiakpa
2;303;23;aus2;apkaitenajis;safe;l;;12;230323aus2apkaitenajis;223apkaitenajis;x;x;sijanetiakpa
2;341;11;aus2;ghrutenajis;safe;l;;11;234111aus2ghrutenajis;211ghrutenajis;x;x;sijaneturhg
3;178;21;aus2;apghrutenajis;safe;l;;13;317821aus2apghrutenajis;321apghrutenajis;x;x;sijaneturhgpa
2;36;3;aus2;apghrutenajis;safe;l;;13;2363aus2apghrutenajis;23apghrutenajis;x;x;sijaneturhgpa
2;3;10;peri;pa⸗auxtenajis;safe;l;;13;2310peripa⸗auxtenajis;210pa⸗auxtenajis;x;x;sijanetxua⸗ap
2;175;25;aus2;apdahwenajis;safe;l;;12;217525aus2apdahwenajis;225apdahwenajis;x;x;sijanewhadpa
1;527;22;aus1;apdahwenajis;safe;l;;12;152722aus1apdahwenajis;122apdahwenajis;x;x;sijanewhadpa
3;145;9;peri;ʒenajis;safe;l;;7;31459periʒenajis;39ʒenajis;x;x;sijaneʒ
2;156;22;aus2;ʒenajis;safe;l;;7;215622aus2ʒenajis;222ʒenajis;x;x;sijaneʒ
2;153;15;aus2;ʒenajis;safe;l;;7;215315aus2ʒenajis;215ʒenajis;x;x;sijaneʒ
1;36;31;aus2;ʒenajis;safe;l;;7;13631aus2ʒenajis;131ʒenajis;x;x;sijaneʒ
2;267;18;aus1;preeeʒenajis;safe;l;;12;226718aus1preeeʒenajis;218preeeʒenajis;x;x;sijaneʒeeerp
2;165;4;aus2;apleeʒenajis;safe;l;;12;21654aus2apleeʒenajis;24apleeʒenajis;x;x;sijaneʒeelpa
2;50;13;aus2;preeʒenajis;safe;l;;11;25013aus2preeʒenajis;213preeʒenajis;x;x;sijaneʒeerp
1;77;15;aus2;preeʒenajis;safe;l;;11;17715aus2preeʒenajis;115preeʒenajis;x;x;sijaneʒeerp
1;423;20;aus2;ee⸗preeʒenajis;safe;l;;14;142320aus2ee⸗preeʒenajis;120ee⸗preeʒenajis;x;x;sijaneʒeerp⸗ee
1;381;25;aus1;ee⸗preeʒenajis;safe;l;;14;138125aus1ee⸗preeʒenajis;125ee⸗preeʒenajis;x;x;sijaneʒeerp⸗ee
1;228;7;aus2;ee⸗preeʒenajis;safe;l;;14;12287aus2ee⸗preeʒenajis;17ee⸗preeʒenajis;x;x;sijaneʒeerp⸗ee
1;457;18;aus2;epreeʒenajis;safe;l;;12;145718aus2epreeʒenajis;118epreeʒenajis;x;x;sijaneʒeerpe
1;503;23;aus2;ee⸗preʒenajis;safe;l;;13;150323aus2ee⸗preʒenajis;123ee⸗preʒenajis;x;x;sijaneʒerp⸗ee
2;167;21;aus2;aiʒenajis;safe;l;;9;216721aus2aiʒenajis;221aiʒenajis;x;x;sijaneʒia
2;132;30;aus2;aiʒenajis;safe;l;;9;213230aus2aiʒenajis;230aiʒenajis;x;x;sijaneʒia
2;37;24;aus2;aiʒenajis;safe;l;;9;23724aus2aiʒenajis;224aiʒenajis;x;x;sijaneʒia
1;518;22;aus2;aiʒenajis;safe;l;;9;151822aus2aiʒenajis;122aiʒenajis;x;x;sijaneʒia
1;444;1;aus2;aiʒenajis;safe;l;;9;14441aus2aiʒenajis;11aiʒenajis;x;x;sijaneʒia
1;241;23;aus1;aiʒenajis;safe;l;;9;124123aus1aiʒenajis;123aiʒenajis;x;x;sijaneʒia
1;199;19;aus1;aiʒenajis;safe;l;;9;119919aus1aiʒenajis;119aiʒenajis;x;x;sijaneʒia
1;100;8;peri;aiʒenajis;safe;l;;9;11008periaiʒenajis;18aiʒenajis;x;x;sijaneʒia
1;11;23;aus2;aiʒenajis;safe;l;;9;11123aus2aiʒenajis;123aiʒenajis;x;x;sijaneʒia
1;344;1;aus2;iß⸗aiʒenajis;safe;l;;12;13441aus2iß⸗aiʒenajis;11iß⸗aiʒenajis;x;x;sijaneʒia⸗ßi
3;148;11;aus2;ißtaͤtʒenajis;safe;l;;13;314811aus2ißtaͤtʒenajis;311ißtaͤtʒenajis;x;x;sijaneʒtͤatßi
1;443;22;aus2;aitʒenajis;safe;l;;10;144322aus2aitʒenajis;122aitʒenajis;x;x;sijaneʒtia
2;296;7;peri;aitʒenajis;safe;l;;10;22967periaitʒenajis;27aitʒenajis;x;x;sijaneʒtia
2;296;11;peri;aitʒenajis;safe;l;;10;229611periaitʒenajis;211aitʒenajis;x;x;sijaneʒtia
1;329;9;aus1;attlitʒenajis;safe;l;;13;13299aus1attlitʒenajis;19attlitʒenajis;x;x;sijaneʒtiltta
1;76;12;aus2;us⸗auʒenajis;safe;l;;12;17612aus2us⸗auʒenajis;112us⸗auʒenajis;x;x;sijaneʒua⸗su
1;284;12;aus2;beedinajis;safe;l;;10;128412aus2beedinajis;112beedinajis;x;x;sijanideeb
1;138;23;aus2;iß⸗beedinajis;safe;l;;13;113823aus2iß⸗beedinajis;123iß⸗beedinajis;x;x;sijanideeb⸗ßi
1;387;28;aus2;linajis;safe;l;;7;138728aus2linajis;128linajis;x;x;sijanil
2;179;14;aus2;ißpillinajis;safe;l;;12;217914aus2ißpillinajis;214ißpillinajis;x;x;sijanillipßi
2;181;21;aus2;attlitʒinajis;safe;l;;13;218121aus2attlitʒinajis;221attlitʒinajis;x;x;sijaniʒtiltta
1;443;8;aus2;nitʒinajis;safe;l;;10;14438aus2nitʒinajis;18nitʒinajis;x;x;sijaniʒtin
1;22;8;aus2;nitʒinajis;safe;l;;10;1228aus2nitʒinajis;18nitʒinajis;x;x;sijaniʒtin
3;122;7;aus2;ſinnajis;safe;l;;8;31227aus2ſinnajis;37ſinnajis;x;x;sijanniſ
3;122;6;aus2;ſinnajis;safe;l;;8;31226aus2ſinnajis;36ſinnajis;x;x;sijanniſ
1;545;27;aus2;ſinnajis;safe;l;;8;154527aus2ſinnajis;127ſinnajis;x;x;sijanniſ
1;15;31;aus2;ſinnajis;safe;l;;8;11531aus2ſinnajis;131ſinnajis;x;x;sijanniſ
2;260;28;aus2;ſinnajis;safe;l;;8;226028aus2ſinnajis;228ſinnajis;x;x;sijanniſ
3;185;18;aus2;runnajis;safe;l;;8;318518aus2runnajis;318runnajis;x;x;sijannur
3;182;10;aus2;runnajis;safe;l;;8;318210aus2runnajis;310runnajis;x;x;sijannur
3;176;12;aus2;runnajis;safe;l;;8;317612aus2runnajis;312runnajis;x;x;sijannur
3;172;18;aus2;runnajis;safe;l;;8;317218aus2runnajis;318runnajis;x;x;sijannur
3;166;19;aus1;runnajis;safe;l;;8;316619aus1runnajis;319runnajis;x;x;sijannur
3;159;8;aus2;runnajis;safe;l;;8;31598aus2runnajis;38runnajis;x;x;sijannur
3;90;14;aus2;runnajis;safe;l;;8;39014aus2runnajis;314runnajis;x;x;sijannur
3;43;3;aus2;runnajis;safe;l;;8;3433aus2runnajis;33runnajis;x;x;sijannur
3;43;1;aus2;runnajis;safe;l;;8;3431aus2runnajis;31runnajis;x;x;sijannur
3;42;12;aus2;runnajis;safe;l;;8;34212aus2runnajis;312runnajis;x;x;sijannur
3;41;31;aus2;runnajis;safe;l;;8;34131aus2runnajis;331runnajis;x;x;sijannur
3;39;13;aus2;runnajis;safe;l;;8;33913aus2runnajis;313runnajis;x;x;sijannur
3;34;25;peri;runnajis;safe;l;;8;33425perirunnajis;325runnajis;x;x;sijannur
3;34;19;peri;runnajis;safe;l;;8;33419perirunnajis;319runnajis;x;x;sijannur
2;230;22;aus2;runnajis;safe;l;;8;223022aus2runnajis;222runnajis;x;x;sijannur
2;182;19;aus2;runnajis;safe;l;;8;218219aus2runnajis;219runnajis;x;x;sijannur
2;164;18;aus2;runnajis;safe;l;;8;216418aus2runnajis;218runnajis;x;x;sijannur
2;97;31;aus2;runnajis;safe;l;;8;29731aus2runnajis;231runnajis;x;x;sijannur
2;87;18;aus2;runnajis;safe;l;;8;28718aus2runnajis;218runnajis;x;x;sijannur
2;85;5;peri;runnajis;safe;l;;8;2855perirunnajis;25runnajis;x;x;sijannur
2;55;6;aus2;runnajis;safe;l;;8;2556aus2runnajis;26runnajis;x;x;sijannur
2;54;2;aus2;runnajis;safe;l;;8;2542aus2runnajis;22runnajis;x;x;sijannur
2;48;12;aus2;runnajis;safe;l;;8;24812aus2runnajis;212runnajis;x;x;sijannur
2;43;23;peri;runnajis;safe;l;;8;24323perirunnajis;223runnajis;x;x;sijannur
1;547;30;aus2;runnajis;safe;l;;8;154730aus2runnajis;130runnajis;x;x;sijannur
1;517;5;aus2;runnajis;safe;l;;8;15175aus2runnajis;15runnajis;x;x;sijannur
1;515;8;peri;runnajis;safe;l;;8;15158perirunnajis;18runnajis;x;x;sijannur
1;502;18;aus2;runnajis;safe;l;;8;150218aus2runnajis;118runnajis;x;x;sijannur
1;488;3;peri;runnajis;safe;l;;8;14883perirunnajis;13runnajis;x;x;sijannur
1;476;6;peri;runnajis;safe;l;;8;14766perirunnajis;16runnajis;x;x;sijannur
1;423;19;aus2;runnajis;safe;l;;8;142319aus2runnajis;119runnajis;x;x;sijannur
1;423;17;aus2;runnajis;safe;l;;8;142317aus2runnajis;117runnajis;x;x;sijannur
1;423;6;aus1;runnajis;safe;l;;8;14236aus1runnajis;16runnajis;x;x;sijannur
1;417;20;intr;runnajis;safe;l;;8;141720intrrunnajis;120runnajis;x;x;sijannur
1;412;5;aus2;runnajis;safe;l;;8;14125aus2runnajis;15runnajis;x;x;sijannur
1;406;23;aus1;runnajis;safe;l;;8;140623aus1runnajis;123runnajis;x;x;sijannur
1;385;8;aus2;runnajis;safe;l;;8;13858aus2runnajis;18runnajis;x;x;sijannur
1;381;7;aus1;runnajis;safe;l;;8;13817aus1runnajis;17runnajis;x;x;sijannur
1;380;20;aus1;runnajis;safe;l;;8;138020aus1runnajis;120runnajis;x;x;sijannur
1;321;15;aus2;runnajis;safe;l;;8;132115aus2runnajis;115runnajis;x;x;sijannur
1;312;17;aus1;runnajis;safe;l;;8;131217aus1runnajis;117runnajis;x;x;sijannur
1;270;29;aus2;runnajis;safe;l;;8;127029aus2runnajis;129runnajis;x;x;sijannur
1;243;12;aus2;runnajis;safe;l;;8;124312aus2runnajis;112runnajis;x;x;sijannur
1;212;19;aus2;runnajis;safe;l;;8;121219aus2runnajis;119runnajis;x;x;sijannur
1;183;24;aus2;runnajis;safe;l;;8;118324aus2runnajis;124runnajis;x;x;sijannur
1;149;11;aus2;runnajis;safe;l;;8;114911aus2runnajis;111runnajis;x;x;sijannur
1;105;19;aus2;runnajis;safe;l;;8;110519aus2runnajis;119runnajis;x;x;sijannur
1;93;8;aus2;runnajis;safe;l;;8;1938aus2runnajis;18runnajis;x;x;sijannur
1;526;10;peri;runnajis;safe;l;;8;152610perirunnajis;110runnajis;x;x;sijannur
1;321;25;aus2;no⸗runnajis;safe;l;;11;132125aus2no⸗runnajis;125no⸗runnajis;x;x;sijannur⸗on
2;54;29;aus2;aprunnajis;safe;l;;10;25429aus2aprunnajis;229aprunnajis;x;x;sijannurpa
2;81;14;aus2;ißrunnajis;safe;l;;10;28114aus2ißrunnajis;214ißrunnajis;x;x;sijannurßi
2;81;12;aus2;ißrunnajis;safe;l;;10;28112aus2ißrunnajis;212ißrunnajis;x;x;sijannurßi
2;81;10;aus2;ißrunnajis;safe;l;;10;28110aus2ißrunnajis;210ißrunnajis;x;x;sijannurßi
3;94;19;aus2;usrunnajis;safe;l;;10;39419aus2usrunnajis;319usrunnajis;x;x;sijannursu
3;82;3;peri;usrunnajis;safe;l;;10;3823periusrunnajis;33usrunnajis;x;x;sijannursu
1;357;29;aus2;usrunnajis;safe;l;;10;135729aus2usrunnajis;129usrunnajis;x;x;sijannursu
1;54;20;aus2;usrunnajis;safe;l;;10;15420aus2usrunnajis;120usrunnajis;x;x;sijannursu
2;267;17;aus1;usrunnajis;safe;l;;10;226717aus1usrunnajis;217usrunnajis;x;x;sijannursu
3;193;21;peri;ʒnajis;safe;l;;6;319321periʒnajis;321ʒnajis;x;x;sijanʒ
1;416;12;aus2;padarrajis;safe;l;;10;141612aus2padarrajis;112padarrajis;x;x;sijarradap
3;153;8;aus2;ẜajis;safe;l;;5;31538aus2ẜajis;38ẜajis;x;x;sijaẜ
2;19;20;aus2;naͤſẜajis;safe;l;;9;21920aus2naͤſẜajis;220naͤſẜajis;x;x;sijaẜſͤan
1;321;3;aus2;teeſẜajis;safe;l;;9;13213aus2teeſẜajis;13teeſẜajis;x;x;sijaẜſeet
2;216;10;aus2;maitajis;safe;l;;8;221610aus2maitajis;210maitajis;x;x;sijatiam
1;315;11;aus2;ẜamaitajis;safe;l;;10;131511aus2ẜamaitajis;111ẜamaitajis;x;x;sijatiamaẜ
1;107;16;aus2;nomaitajis;safe;l;;10;110716aus2nomaitajis;116nomaitajis;x;x;sijatiamon
1;132;31;aus2;ſtajis;safe;l;;6;113231aus2ſtajis;131ſtajis;x;x;sijatſ
3;180;20;aus2;attſtajis;safe;l;;9;318020aus2attſtajis;320attſtajis;x;x;sijatſtta
2;201;25;aus2;attſtajis;safe;l;;9;220125aus2attſtajis;225attſtajis;x;x;sijatſtta
1;469;13;aus2;attſtajis;safe;l;;9;146913aus2attſtajis;113attſtajis;x;x;sijatſtta
2;32;12;aus2;dohmwajis;safe;l;;9;23212aus2dohmwajis;212dohmwajis;x;x;sijawmhod
3;161;23;aus2;maxajis;safe;l;;7;316123aus2maxajis;323maxajis;x;x;sijaxam
3;99;21;aus2;maxajis;safe;l;;7;39921aus2maxajis;321maxajis;x;x;sijaxam
3;109;3;aus2;nomaxajis;safe;l;;9;31093aus2nomaxajis;33nomaxajis;x;x;sijaxamon
1;277;1;aus2;nomaxajis;safe;l;;9;12771aus2nomaxajis;11nomaxajis;x;x;sijaxamon
1;81;22;aus2;nomaxajis;safe;l;;9;18122aus2nomaxajis;122nomaxajis;x;x;sijaxamon
1;242;17;aus2;waitʒajis;safe;l;;9;124217aus2waitʒajis;117waitʒajis;x;x;sijaʒtiaw
2;230;24;aus2;ghribbejis;safe;l;;10;223024aus2ghribbejis;224ghribbejis;x;x;sijebbirhg
2;181;29;aus2;ghribbejis;safe;l;;10;218129aus2ghribbejis;229ghribbejis;x;x;sijebbirhg
1;242;13;aus2;ghribbejis;safe;l;;10;124213aus2ghribbejis;113ghribbejis;x;x;sijebbirhg
1;105;3;aus2;ghribbejis;safe;l;;10;11053aus2ghribbejis;13ghribbejis;x;x;sijebbirhg
1;68;4;aus2;ghribbejis;safe;l;;10;1684aus2ghribbejis;14ghribbejis;x;x;sijebbirhg
1;43;23;aus2;ghribbejis;safe;l;;10;14323aus2ghribbejis;123ghribbejis;x;x;sijebbirhg
1;22;9;aus2;ghribbejis;safe;l;;10;1229aus2ghribbejis;19ghribbejis;x;x;sijebbirhg
1;169;7;aus2;dejis;safe;l;;5;11697aus2dejis;17dejis;x;x;sijed
2;303;26;aus2;dejis;safe;l;;5;230326aus2dejis;226dejis;x;x;sijed
1;228;14;aus2;dſeedejis;safe;l;;9;122814aus2dſeedejis;114dſeedejis;x;x;sijedeeſd
1;226;11;aus2;eeniedejis;safe;l;;10;122611aus2eeniedejis;111eeniedejis;x;x;sijedeinee
1;56;6;aus2;attſpiedejis;safe;l;;12;1566aus2attſpiedejis;16attſpiedejis;x;x;sijedeipſtta
2;122;17;aus2;lahdejis;safe;l;;8;212217aus2lahdejis;217lahdejis;x;x;sijedhal
1;304;24;aus2;no⸗lahdejis;safe;l;;11;130424aus2no⸗lahdejis;124no⸗lahdejis;x;x;sijedhal⸗on
1;303;16;aus2;no⸗lahdejis;safe;l;;11;130316aus2no⸗lahdejis;116no⸗lahdejis;x;x;sijedhal⸗on
1;165;21;aus2;ẜmahdejis;safe;l;;9;116521aus2ẜmahdejis;121ẜmahdejis;x;x;sijedhamẜ
1;299;3;aus2;ẜehdejis;safe;l;;8;12993aus2ẜehdejis;13ẜehdejis;x;x;sijedheẜ
1;129;18;aus1;ẜehdejis;safe;l;;8;112918aus1ẜehdejis;118ẜehdejis;x;x;sijedheẜ
1;25;12;aus2;ẜehdejis;safe;l;;8;12512aus2ẜehdejis;112ẜehdejis;x;x;sijedheẜ
1;299;10;aus2;ap⸗ẜehdejis;safe;l;;11;129910aus2ap⸗ẜehdejis;110ap⸗ẜehdejis;x;x;sijedheẜ⸗pa
1;545;19;aus2;apẜehdejis;safe;l;;10;154519aus2apẜehdejis;119apẜehdejis;x;x;sijedheẜpa
1;83;28;aus2;ghohdejis;safe;l;;9;18328aus2ghohdejis;128ghohdejis;x;x;sijedhohg
2;222;13;peri;adbildejis;safe;l;;10;222213periadbildejis;213adbildejis;x;x;sijedlibda
3;176;14;aus2;adbilldejis;safe;l;;11;317614aus2adbilldejis;314adbilldejis;x;x;sijedllibda
3;94;17;aus2;adbilldejis;safe;l;;11;39417aus2adbilldejis;317adbilldejis;x;x;sijedllibda
1;214;4;aus2;remdejis;safe;l;;8;12144aus2remdejis;14remdejis;x;x;sijedmer
3;127;22;aus2;dſirrdejis;safe;l;;10;312722aus2dſirrdejis;322dſirrdejis;x;x;sijedrriſd
3;127;9;aus2;dſirrdejis;safe;l;;10;31279aus2dſirrdejis;39dſirrdejis;x;x;sijedrriſd
3;96;4;aus2;dſirrdejis;safe;l;;10;3964aus2dſirrdejis;34dſirrdejis;x;x;sijedrriſd
3;94;22;aus2;dſirrdejis;safe;l;;10;39422aus2dſirrdejis;322dſirrdejis;x;x;sijedrriſd
3;93;11;aus2;dſirrdejis;safe;l;;10;39311aus2dſirrdejis;311dſirrdejis;x;x;sijedrriſd
3;92;1;aus2;dſirrdejis;safe;l;;10;3921aus2dſirrdejis;31dſirrdejis;x;x;sijedrriſd
3;82;13;peri;dſirrdejis;safe;l;;10;38213peridſirrdejis;313dſirrdejis;x;x;sijedrriſd
3;67;27;aus1;dſirrdejis;safe;l;;10;36727aus1dſirrdejis;327dſirrdejis;x;x;sijedrriſd
3;43;4;aus2;dſirrdejis;safe;l;;10;3434aus2dſirrdejis;34dſirrdejis;x;x;sijedrriſd
3;42;5;aus2;dſirrdejis;safe;l;;10;3425aus2dſirrdejis;35dſirrdejis;x;x;sijedrriſd
3;42;3;aus2;dſirrdejis;safe;l;;10;3423aus2dſirrdejis;33dſirrdejis;x;x;sijedrriſd
3;29;14;aus2;dſirrdejis;safe;l;;10;32914aus2dſirrdejis;314dſirrdejis;x;x;sijedrriſd
2;128;13;aus2;dſirrdejis;safe;l;;10;212813aus2dſirrdejis;213dſirrdejis;x;x;sijedrriſd
2;94;26;aus2;dſirrdejis;safe;l;;10;29426aus2dſirrdejis;226dſirrdejis;x;x;sijedrriſd
2;50;21;aus2;dſirrdejis;safe;l;;10;25021aus2dſirrdejis;221dſirrdejis;x;x;sijedrriſd
2;40;22;aus2;dſirrdejis;safe;l;;10;24022aus2dſirrdejis;222dſirrdejis;x;x;sijedrriſd
1;364;10;aus2;dſirrdejis;safe;l;;10;136410aus2dſirrdejis;110dſirrdejis;x;x;sijedrriſd
1;292;16;aus2;dſirrdejis;safe;l;;10;129216aus2dſirrdejis;116dſirrdejis;x;x;sijedrriſd
1;288;4;aus2;dſirrdejis;safe;l;;10;12884aus2dſirrdejis;14dſirrdejis;x;x;sijedrriſd
1;242;26;aus2;dſirrdejis;safe;l;;10;124226aus2dſirrdejis;126dſirrdejis;x;x;sijedrriſd
1;159;16;aus2;dſirrdejis;safe;l;;10;115916aus2dſirrdejis;116dſirrdejis;x;x;sijedrriſd
1;138;9;aus2;dſirrdejis;safe;l;;10;11389aus2dſirrdejis;19dſirrdejis;x;x;sijedrriſd
1;109;18;aus2;dſirrdejis;safe;l;;10;110918aus2dſirrdejis;118dſirrdejis;x;x;sijedrriſd
1;94;19;aus2;dſirrdejis;safe;l;;10;19419aus2dſirrdejis;119dſirrdejis;x;x;sijedrriſd
1;93;3;aus2;dſirrdejis;safe;l;;10;1933aus2dſirrdejis;13dſirrdejis;x;x;sijedrriſd
1;75;18;aus2;dſirrdejis;safe;l;;10;17518aus2dſirrdejis;118dſirrdejis;x;x;sijedrriſd
1;70;14;aus2;dſirrdejis;safe;l;;10;17014aus2dſirrdejis;114dſirrdejis;x;x;sijedrriſd
1;70;11;aus2;dſirrdejis;safe;l;;10;17011aus2dſirrdejis;111dſirrdejis;x;x;sijedrriſd
1;69;29;aus2;dſirrdejis;safe;l;;10;16929aus2dſirrdejis;129dſirrdejis;x;x;sijedrriſd
2;277;3;aus2;dſirrdejis;safe;l;;10;22773aus2dſirrdejis;23dſirrdejis;x;x;sijedrriſd
2;303;29;aus2;dſirrdejis;safe;l;;10;230329aus2dſirrdejis;229dſirrdejis;x;x;sijedrriſd
2;316;7;aus2;dſirrdejis;safe;l;;10;23167aus2dſirrdejis;27dſirrdejis;x;x;sijedrriſd
2;341;12;aus2;dſirrdejis;safe;l;;10;234112aus2dſirrdejis;212dſirrdejis;x;x;sijedrriſd
1;400;3;aus2;ẜatrudejis;safe;l;;10;14003aus2ẜatrudejis;13ẜatrudejis;x;x;sijedurtaẜ
3;73;13;aus1;lejis;safe;l;;5;37313aus1lejis;313lejis;x;x;sijel
2;78;6;aus2;lejis;safe;l;;5;2786aus2lejis;26lejis;x;x;sijel
1;355;2;aus1;lejis;safe;l;;5;13552aus1lejis;12lejis;x;x;sijel
1;346;19;aus2;lejis;safe;l;;5;134619aus2lejis;119lejis;x;x;sijel
1;262;21;aus2;lejis;safe;l;;5;126221aus2lejis;121lejis;x;x;sijel
1;217;20;aus2;lejis;safe;l;;5;121720aus2lejis;120lejis;x;x;sijel
1;171;24;aus1;lejis;safe;l;;5;117124aus1lejis;124lejis;x;x;sijel
1;118;28;aus2;lejis;safe;l;;5;111828aus2lejis;128lejis;x;x;sijel
1;46;4;aus2;lejis;safe;l;;5;1464aus2lejis;14lejis;x;x;sijel
2;291;5;aus2;lejis;safe;l;;5;22915aus2lejis;25lejis;x;x;sijel
2;181;22;aus2;ißkinnkelejis;safe;l;;13;218122aus2ißkinnkelejis;222ißkinnkelejis;x;x;sijeleknnikßi
2;255;4;aus2;pamehlejis;safe;l;;10;22554aus2pamehlejis;24pamehlejis;x;x;sijelhemap
2;232;4;aus2;wehlejis;safe;l;;8;22324aus2wehlejis;24wehlejis;x;x;sijelhew
1;503;1;aus2;wehlejis;safe;l;;8;15031aus2wehlejis;11wehlejis;x;x;sijelhew
1;303;17;aus2;wehlejis;safe;l;;8;130317aus2wehlejis;117wehlejis;x;x;sijelhew
1;175;19;aus2;wehlejis;safe;l;;8;117519aus2wehlejis;119wehlejis;x;x;sijelhew
1;172;31;aus1;wehlejis;safe;l;;8;117231aus1wehlejis;131wehlejis;x;x;sijelhew
1;154;27;aus2;wehlejis;safe;l;;8;115427aus2wehlejis;127wehlejis;x;x;sijelhew
1;133;15;aus2;wehlejis;safe;l;;8;113315aus2wehlejis;115wehlejis;x;x;sijelhew
1;75;16;aus2;wehlejis;safe;l;;8;17516aus2wehlejis;116wehlejis;x;x;sijelhew
1;16;3;aus2;wehlejis;safe;l;;8;1163aus2wehlejis;13wehlejis;x;x;sijelhew
3;41;19;aus2;pa⸗wehlejis;safe;l;;11;34119aus2pa⸗wehlejis;319pa⸗wehlejis;x;x;sijelhew⸗ap
2;143;29;aus2;pa⸗wehlejis;safe;l;;11;214329aus2pa⸗wehlejis;229pa⸗wehlejis;x;x;sijelhew⸗ap
2;143;20;aus2;pa⸗wehlejis;safe;l;;11;214320aus2pa⸗wehlejis;220pa⸗wehlejis;x;x;sijelhew⸗ap
2;114;14;aus2;pa⸗wehlejis;safe;l;;11;211414aus2pa⸗wehlejis;214pa⸗wehlejis;x;x;sijelhew⸗ap
2;108;22;aus2;pa⸗wehlejis;safe;l;;11;210822aus2pa⸗wehlejis;222pa⸗wehlejis;x;x;sijelhew⸗ap
2;79;1;aus2;pa⸗wehlejis;safe;l;;11;2791aus2pa⸗wehlejis;21pa⸗wehlejis;x;x;sijelhew⸗ap
2;50;24;aus2;pa⸗wehlejis;safe;l;;11;25024aus2pa⸗wehlejis;224pa⸗wehlejis;x;x;sijelhew⸗ap
2;40;2;aus2;pa⸗wehlejis;safe;l;;11;2402aus2pa⸗wehlejis;22pa⸗wehlejis;x;x;sijelhew⸗ap
2;39;29;aus2;pa⸗wehlejis;safe;l;;11;23929aus2pa⸗wehlejis;229pa⸗wehlejis;x;x;sijelhew⸗ap
1;520;1;aus2;pa⸗wehlejis;safe;l;;11;15201aus2pa⸗wehlejis;11pa⸗wehlejis;x;x;sijelhew⸗ap
1;498;13;aus2;pa⸗wehlejis;safe;l;;11;149813aus2pa⸗wehlejis;113pa⸗wehlejis;x;x;sijelhew⸗ap
1;323;7;aus2;pa⸗wehlejis;safe;l;;11;13237aus2pa⸗wehlejis;17pa⸗wehlejis;x;x;sijelhew⸗ap
1;289;6;aus2;pa⸗wehlejis;safe;l;;11;12896aus2pa⸗wehlejis;16pa⸗wehlejis;x;x;sijelhew⸗ap
1;242;22;aus2;pa⸗wehlejis;safe;l;;11;124222aus2pa⸗wehlejis;122pa⸗wehlejis;x;x;sijelhew⸗ap
1;163;22;aus2;pa⸗wehlejis;safe;l;;11;116322aus2pa⸗wehlejis;122pa⸗wehlejis;x;x;sijelhew⸗ap
1;129;31;aus2;pa⸗wehlejis;safe;l;;11;112931aus2pa⸗wehlejis;131pa⸗wehlejis;x;x;sijelhew⸗ap
1;106;12;aus2;pa⸗wehlejis;safe;l;;11;110612aus2pa⸗wehlejis;112pa⸗wehlejis;x;x;sijelhew⸗ap
1;100;16;aus1;pa⸗wehlejis;safe;l;;11;110016aus1pa⸗wehlejis;116pa⸗wehlejis;x;x;sijelhew⸗ap
1;63;20;aus2;pa⸗wehlejis;safe;l;;11;16320aus2pa⸗wehlejis;120pa⸗wehlejis;x;x;sijelhew⸗ap
1;58;14;aus2;pa⸗wehlejis;safe;l;;11;15814aus2pa⸗wehlejis;114pa⸗wehlejis;x;x;sijelhew⸗ap
1;52;30;aus1;pa⸗wehlejis;safe;l;;11;15230aus1pa⸗wehlejis;130pa⸗wehlejis;x;x;sijelhew⸗ap
2;332;4;aus2;pa⸗wehlejis;safe;l;;11;23324aus2pa⸗wehlejis;24pa⸗wehlejis;x;x;sijelhew⸗ap
2;332;18;aus2;pa⸗wehlejis;safe;l;;11;233218aus2pa⸗wehlejis;218pa⸗wehlejis;x;x;sijelhew⸗ap
2;230;20;aus2;uß⸗wehlejis;safe;l;;11;223020aus2uß⸗wehlejis;220uß⸗wehlejis;x;x;sijelhew⸗ßu
2;161;26;aus2;us⸗wehlejis;safe;l;;11;216126aus2us⸗wehlejis;226us⸗wehlejis;x;x;sijelhew⸗su
3;80;8;peri;pawehlejis;safe;l;;10;3808peripawehlejis;38pawehlejis;x;x;sijelhewap
3;43;8;aus2;pawehlejis;safe;l;;10;3438aus2pawehlejis;38pawehlejis;x;x;sijelhewap
2;239;29;aus2;pawehlejis;safe;l;;10;223929aus2pawehlejis;229pawehlejis;x;x;sijelhewap
2;232;15;aus2;pawehlejis;safe;l;;10;223215aus2pawehlejis;215pawehlejis;x;x;sijelhewap
2;231;19;aus2;pawehlejis;safe;l;;10;223119aus2pawehlejis;219pawehlejis;x;x;sijelhewap
2;230;19;aus2;pawehlejis;safe;l;;10;223019aus2pawehlejis;219pawehlejis;x;x;sijelhewap
2;228;17;aus2;pawehlejis;safe;l;;10;222817aus2pawehlejis;217pawehlejis;x;x;sijelhewap
2;227;24;aus2;pawehlejis;safe;l;;10;222724aus2pawehlejis;224pawehlejis;x;x;sijelhewap
2;212;29;aus2;pawehlejis;safe;l;;10;221229aus2pawehlejis;229pawehlejis;x;x;sijelhewap
2;181;2;aus2;pawehlejis;safe;l;;10;21812aus2pawehlejis;22pawehlejis;x;x;sijelhewap
2;157;23;aus2;pawehlejis;safe;l;;10;215723aus2pawehlejis;223pawehlejis;x;x;sijelhewap
2;150;17;aus2;pawehlejis;safe;l;;10;215017aus2pawehlejis;217pawehlejis;x;x;sijelhewap
2;133;6;aus2;pawehlejis;safe;l;;10;21336aus2pawehlejis;26pawehlejis;x;x;sijelhewap
2;132;26;aus2;pawehlejis;safe;l;;10;213226aus2pawehlejis;226pawehlejis;x;x;sijelhewap
2;115;1;aus2;pawehlejis;safe;l;;10;21151aus2pawehlejis;21pawehlejis;x;x;sijelhewap
2;101;25;aus2;pawehlejis;safe;l;;10;210125aus2pawehlejis;225pawehlejis;x;x;sijelhewap
2;41;3;aus2;pawehlejis;safe;l;;10;2413aus2pawehlejis;23pawehlejis;x;x;sijelhewap
2;30;9;peri;pawehlejis;safe;l;;10;2309peripawehlejis;29pawehlejis;x;x;sijelhewap
1;459;7;aus2;pawehlejis;safe;l;;10;14597aus2pawehlejis;17pawehlejis;x;x;sijelhewap
1;421;3;aus1;pawehlejis;safe;l;;10;14213aus1pawehlejis;13pawehlejis;x;x;sijelhewap
1;390;12;aus2;pawehlejis;safe;l;;10;139012aus2pawehlejis;112pawehlejis;x;x;sijelhewap
1;387;30;aus2;pawehlejis;safe;l;;10;138730aus2pawehlejis;130pawehlejis;x;x;sijelhewap
1;383;30;aus2;pawehlejis;safe;l;;10;138330aus2pawehlejis;130pawehlejis;x;x;sijelhewap
1;368;13;peri;pawehlejis;safe;l;;10;136813peripawehlejis;113pawehlejis;x;x;sijelhewap
1;289;8;aus2;pawehlejis;safe;l;;10;12898aus2pawehlejis;18pawehlejis;x;x;sijelhewap
1;288;27;aus2;pawehlejis;safe;l;;10;128827aus2pawehlejis;127pawehlejis;x;x;sijelhewap
1;288;16;aus2;pawehlejis;safe;l;;10;128816aus2pawehlejis;116pawehlejis;x;x;sijelhewap
1;228;29;aus2;pawehlejis;safe;l;;10;122829aus2pawehlejis;129pawehlejis;x;x;sijelhewap
1;227;18;aus2;pawehlejis;safe;l;;10;122718aus2pawehlejis;118pawehlejis;x;x;sijelhewap
1;226;22;aus2;pawehlejis;safe;l;;10;122622aus2pawehlejis;122pawehlejis;x;x;sijelhewap
1;225;6;aus2;pawehlejis;safe;l;;10;12256aus2pawehlejis;16pawehlejis;x;x;sijelhewap
1;224;20;aus2;pawehlejis;safe;l;;10;122420aus2pawehlejis;120pawehlejis;x;x;sijelhewap
1;167;10;aus2;pawehlejis;safe;l;;10;116710aus2pawehlejis;110pawehlejis;x;x;sijelhewap
1;157;7;peri;pawehlejis;safe;l;;10;11577peripawehlejis;17pawehlejis;x;x;sijelhewap
1;88;27;aus2;pawehlejis;safe;l;;10;18827aus2pawehlejis;127pawehlejis;x;x;sijelhewap
1;41;8;aus2;pawehlejis;safe;l;;10;1418aus2pawehlejis;18pawehlejis;x;x;sijelhewap
1;10;9;aus2;pawehlejis;safe;l;;10;1109aus2pawehlejis;19pawehlejis;x;x;sijelhewap
1;10;2;aus2;pawehlejis;safe;l;;10;1102aus2pawehlejis;12pawehlejis;x;x;sijelhewap
1;9;26;aus2;pawehlejis;safe;l;;10;1926aus2pawehlejis;126pawehlejis;x;x;sijelhewap
1;4;11;aus2;pawehlejis;safe;l;;10;1411aus2pawehlejis;111pawehlejis;x;x;sijelhewap
1;527;15;peri;pawehlejis;safe;l;;;152715peripawehlejis;115pawehlejis;x;x;sijelhewap
2;324;24;aus2;pawehlejis;safe;l;;10;232424aus2pawehlejis;224pawehlejis;x;x;sijelhewap
2;327;15;aus2;pawehlejis;safe;l;;10;232715aus2pawehlejis;215pawehlejis;x;x;sijelhewap
2;331;29;aus2;pawehlejis;safe;l;;10;233129aus2pawehlejis;229pawehlejis;x;x;sijelhewap
2;384;23;aus2;pawehlejis;safe;l;;10;238423aus2pawehlejis;223pawehlejis;x;x;sijelhewap
2;428;1;aus2;pawehlejis;safe;l;;10;24281aus2pawehlejis;21pawehlejis;x;x;sijelhewap
2;259;7;aus2;pawehlejis;safe;l;;10;22597aus2pawehlejis;27pawehlejis;x;x;sijelhewap
2;291;4;aus2;pawehlejis;safe;l;;10;22914aus2pawehlejis;24pawehlejis;x;x;sijelhewap
2;303;7;aus2;pawehlejis;safe;l;;10;23037aus2pawehlejis;27pawehlejis;x;x;sijelhewap
2;304;22;aus2;pawehlejis;safe;l;;10;230422aus2pawehlejis;222pawehlejis;x;x;sijelhewap
3;198;20;aus2;pahwehlejis;safe;l;;11;319820aus2pahwehlejis;320pahwehlejis;x;x;sijelhewhap
1;450;4;aus2;ißwehlejis;safe;l;;10;14504aus2ißwehlejis;14ißwehlejis;x;x;sijelhewßi
1;8;30;aus2;ißwehlejis;safe;l;;10;1830aus2ißwehlejis;130ißwehlejis;x;x;sijelhewßi
3;41;16;aus2;uswehlejis;safe;l;;10;34116aus2uswehlejis;316uswehlejis;x;x;sijelhewsu
2;230;21;aus2;mecklejis;safe;l;;9;223021aus2mecklejis;221mecklejis;x;x;sijelkcem
2;67;30;aus2;mecklejis;safe;l;;9;26730aus2mecklejis;230mecklejis;x;x;sijelkcem
2;30;20;aus1;mecklejis;safe;l;;9;23020aus1mecklejis;220mecklejis;x;x;sijelkcem
1;343;31;aus2;mecklejis;safe;l;;9;134331aus2mecklejis;131mecklejis;x;x;sijelkcem
1;247;16;aus2;mecklejis;safe;l;;9;124716aus2mecklejis;116mecklejis;x;x;sijelkcem
1;171;15;peri;mecklejis;safe;l;;9;117115perimecklejis;115mecklejis;x;x;sijelkcem
1;93;1;aus2;mecklejis;safe;l;;9;1931aus2mecklejis;11mecklejis;x;x;sijelkcem
2;191;1;aus2;pee⸗mecklejis;safe;l;;13;21911aus2pee⸗mecklejis;21pee⸗mecklejis;x;x;sijelkcem⸗eep
2;44;18;peri;peemecklejis;safe;l;;12;24418peripeemecklejis;218peemecklejis;x;x;sijelkcemeep
2;43;20;peri;peemecklejis;safe;l;;12;24320peripeemecklejis;220peemecklejis;x;x;sijelkcemeep
1;167;9;aus2;paſtellejis;safe;l;;11;11679aus2paſtellejis;19paſtellejis;x;x;sijelletſap
3;99;22;aus2;ghullejis;safe;l;;9;39922aus2ghullejis;322ghullejis;x;x;sijelluhg
2;47;28;aus2;ghullejis;safe;l;;9;24728aus2ghullejis;228ghullejis;x;x;sijelluhg
1;272;22;aus2;ghullejis;safe;l;;9;127222aus2ghullejis;122ghullejis;x;x;sijelluhg
1;191;25;aus2;ghullejis;safe;l;;9;119125aus2ghullejis;125ghullejis;x;x;sijelluhg
3;126;27;aus2;apmahnejis;safe;l;;10;312627aus2apmahnejis;327apmahnejis;x;x;sijenhampa
1;316;2;aus2;apmahnejis;safe;l;;10;13162aus2apmahnejis;12apmahnejis;x;x;sijenhampa
2;119;26;aus2;ſtrahpejis;safe;l;;10;211926aus2ſtrahpejis;226ſtrahpejis;x;x;sijephartſ
3;50;11;aus2;ẜahpejis;safe;l;;8;35011aus2ẜahpejis;311ẜahpejis;x;x;sijephaẜ
2;182;8;aus2;ſkappejis;safe;l;;9;21828aus2ſkappejis;28ſkappejis;x;x;sijeppakſ
1;524;3;aus2;tuppejis;safe;l;;8;15243aus2tuppejis;13tuppejis;x;x;sijepput
3;105;15;aus2;rejis;safe;l;;5;310515aus2rejis;315rejis;x;x;sijer
1;105;4;aus2;rejis;safe;l;;5;11054aus2rejis;14rejis;x;x;sijer
2;188;23;aus2;upperejis;safe;l;;9;218823aus2upperejis;223upperejis;x;x;sijereppu
2;67;20;aus2;us⸗wahrejis;safe;l;;11;26720aus2us⸗wahrejis;220us⸗wahrejis;x;x;sijerhaw⸗su
1;510;30;aus2;uswahrejis;safe;l;;10;151030aus2uswahrejis;130uswahrejis;x;x;sijerhawsu
1;510;27;aus2;uswahrejis;safe;l;;10;151027aus2uswahrejis;127uswahrejis;x;x;sijerhawsu
1;298;1;aus1;uswahrejis;safe;l;;10;12981aus1uswahrejis;11uswahrejis;x;x;sijerhawsu
1;295;24;aus2;uswahrejis;safe;l;;10;129524aus2uswahrejis;124uswahrejis;x;x;sijerhawsu
1;527;26;aus1;uswahrejis;safe;l;;;152726aus1uswahrejis;126uswahrejis;x;x;sijerhawsu
2;173;14;aus2;tehrejis;safe;l;;8;217314aus2tehrejis;214tehrejis;x;x;sijerhet
2;44;4;peri;ſwehrejis;safe;l;;9;2444periſwehrejis;24ſwehrejis;x;x;sijerhewſ
3;148;17;aus2;warrejis;safe;l;;8;314817aus2warrejis;317warrejis;x;x;sijerraw
3;65;27;aus1;warrejis;safe;l;;8;36527aus1warrejis;327warrejis;x;x;sijerraw
3;63;14;aus1;warrejis;safe;l;;8;36314aus1warrejis;314warrejis;x;x;sijerraw
2;246;6;aus2;warrejis;safe;l;;8;22466aus2warrejis;26warrejis;x;x;sijerraw
1;545;27;aus2;warrejis;safe;l;;8;154527aus2warrejis;127warrejis;x;x;sijerraw
1;421;11;aus1;warrejis;safe;l;;8;142111aus1warrejis;111warrejis;x;x;sijerraw
1;421;10;aus1;warrejis;safe;l;;8;142110aus1warrejis;110warrejis;x;x;sijerraw
1;358;17;aus2;warrejis;safe;l;;8;135817aus2warrejis;117warrejis;x;x;sijerraw
1;313;28;aus2;warrejis;safe;l;;8;131328aus2warrejis;128warrejis;x;x;sijerraw
1;271;11;aus2;warrejis;safe;l;;8;127111aus2warrejis;111warrejis;x;x;sijerraw
1;255;24;aus2;warrejis;safe;l;;8;125524aus2warrejis;124warrejis;x;x;sijerraw
1;219;7;aus2;warrejis;safe;l;;8;12197aus2warrejis;17warrejis;x;x;sijerraw
1;43;24;aus2;warrejis;safe;l;;8;14324aus2warrejis;124warrejis;x;x;sijerraw
1;33;23;aus2;warrejis;safe;l;;8;13323aus2warrejis;123warrejis;x;x;sijerraw
2;257;17;aus2;warrejis;safe;l;;8;225717aus2warrejis;217warrejis;x;x;sijerraw
2;330;13;aus2;warrejis;safe;l;;8;233013aus2warrejis;213warrejis;x;x;sijerraw
2;330;23;aus2;warrejis;safe;l;;8;233023aus2warrejis;223warrejis;x;x;sijerraw
2;330;24;aus2;warrejis;safe;l;;8;233024aus2warrejis;224warrejis;x;x;sijerraw
2;332;21;aus2;warrejis;safe;l;;8;233221aus2warrejis;221warrejis;x;x;sijerraw
2;217;28;aus2;derrejis;safe;l;;8;221728aus2derrejis;228derrejis;x;x;sijerred
3;160;4;aus2;ẜaderrejis;safe;l;;10;31604aus2ẜaderrejis;34ẜaderrejis;x;x;sijerredaẜ
1;241;6;peri;ẜaderrejis;safe;l;;10;12416periẜaderrejis;16ẜaderrejis;x;x;sijerredaẜ
1;240;14;peri;ẜaderrejis;safe;l;;10;124014periẜaderrejis;114ẜaderrejis;x;x;sijerredaẜ
1;484;11;aus2;ʒerrejis;safe;l;;8;148411aus2ʒerrejis;111ʒerrejis;x;x;sijerreʒ
3;211;3;aus2;turrejis;safe;l;;8;32113aus2turrejis;33turrejis;x;x;sijerrut
2;128;4;aus2;turrejis;safe;l;;8;21284aus2turrejis;24turrejis;x;x;sijerrut
2;54;2;aus2;turrejis;safe;l;;8;2542aus2turrejis;22turrejis;x;x;sijerrut
1;424;14;aus2;turrejis;safe;l;;8;142414aus2turrejis;114turrejis;x;x;sijerrut
1;382;25;aus2;turrejis;safe;l;;8;138225aus2turrejis;125turrejis;x;x;sijerrut
1;312;24;aus1;turrejis;safe;l;;8;131224aus1turrejis;124turrejis;x;x;sijerrut
1;168;9;aus2;turrejis;safe;l;;8;11689aus2turrejis;19turrejis;x;x;sijerrut
1;87;1;aus1;turrejis;safe;l;;8;1871aus1turrejis;11turrejis;x;x;sijerrut
1;15;28;aus2;turrejis;safe;l;;8;11528aus2turrejis;128turrejis;x;x;sijerrut
2;53;18;aus2;paturrejis;safe;l;;10;25318aus2paturrejis;218paturrejis;x;x;sijerrutap
1;139;5;aus2;paturrejis;safe;l;;10;11395aus2paturrejis;15paturrejis;x;x;sijerrutap
1;138;21;aus2;paturrejis;safe;l;;10;113821aus2paturrejis;121paturrejis;x;x;sijerrutap
1;138;14;aus2;paturrejis;safe;l;;10;113814aus2paturrejis;114paturrejis;x;x;sijerrutap
1;542;21;aus1;usturrejis;safe;l;;10;154221aus1usturrejis;121usturrejis;x;x;sijerrutsu
1;456;29;aus2;usturrejis;safe;l;;10;145629aus2usturrejis;129usturrejis;x;x;sijerrutsu
1;241;24;aus1;usturrejis;safe;l;;10;124124aus1usturrejis;124usturrejis;x;x;sijerrutsu
1;145;25;aus2;usturrejis;safe;l;;10;114525aus2usturrejis;125usturrejis;x;x;sijerrutsu
2;259;4;aus2;usturrejis;safe;l;;10;22594aus2usturrejis;24usturrejis;x;x;sijerrutsu
2;259;9;aus2;usturrejis;safe;l;;10;22599aus2usturrejis;29usturrejis;x;x;sijerrutsu
3;127;10;aus2;ſejis;safe;l;;5;312710aus2ſejis;310ſejis;x;x;sijeſ
1;516;24;aus2;dſejis;safe;l;;6;151624aus2dſejis;124dſejis;x;x;sijeſd
3;148;14;aus2;pa⸗liedſejis;safe;l;;12;314814aus2pa⸗liedſejis;314pa⸗liedſejis;x;x;sijeſdeil⸗ap
2;49;11;aus2;pa⸗liedſejis;safe;l;;12;24911aus2pa⸗liedſejis;211pa⸗liedſejis;x;x;sijeſdeil⸗ap
1;149;18;aus2;pa⸗liedſejis;safe;l;;12;114918aus2pa⸗liedſejis;118pa⸗liedſejis;x;x;sijeſdeil⸗ap
3;169;10;aus2;paliedſejis;safe;l;;11;316910aus2paliedſejis;310paliedſejis;x;x;sijeſdeilap
2;219;9;aus2;paliedſejis;safe;l;;11;22199aus2paliedſejis;29paliedſejis;x;x;sijeſdeilap
2;211;17;aus1;paliedſejis;safe;l;;11;221117aus1paliedſejis;217paliedſejis;x;x;sijeſdeilap
2;211;11;aus1;paliedſejis;safe;l;;11;221111aus1paliedſejis;211paliedſejis;x;x;sijeſdeilap
1;228;6;aus2;paliedſejis;safe;l;;11;12286aus2paliedſejis;16paliedſejis;x;x;sijeſdeilap
1;228;3;aus2;paliedſejis;safe;l;;11;12283aus2paliedſejis;13paliedſejis;x;x;sijeſdeilap
1;227;26;aus2;paliedſejis;safe;l;;11;122726aus2paliedſejis;126paliedſejis;x;x;sijeſdeilap
3;141;14;peri;palliedſejis;safe;l;;12;314114peripalliedſejis;314palliedſejis;x;x;sijeſdeillap
2;249;3;aus2;palliedſejis;safe;l;;12;22493aus2palliedſejis;23palliedſejis;x;x;sijeſdeillap
3;193;20;peri;redſejis;safe;l;;8;319320periredſejis;320redſejis;x;x;sijeſder
3;152;7;aus2;redſejis;safe;l;;8;31527aus2redſejis;37redſejis;x;x;sijeſder
3;145;8;peri;redſejis;safe;l;;8;31458periredſejis;38redſejis;x;x;sijeſder
3;77;3;aus1;redſejis;safe;l;;8;3773aus1redſejis;33redſejis;x;x;sijeſder
3;64;31;aus1;redſejis;safe;l;;8;36431aus1redſejis;331redſejis;x;x;sijeſder
3;63;6;aus1;redſejis;safe;l;;8;3636aus1redſejis;36redſejis;x;x;sijeſder
3;52;26;aus2;redſejis;safe;l;;8;35226aus2redſejis;326redſejis;x;x;sijeſder
3;17;28;aus2;redſejis;safe;l;;8;31728aus2redſejis;328redſejis;x;x;sijeſder
2;166;23;aus2;redſejis;safe;l;;8;216623aus2redſejis;223redſejis;x;x;sijeſder
2;154;1;aus2;redſejis;safe;l;;8;21541aus2redſejis;21redſejis;x;x;sijeſder
2;139;26;aus2;redſejis;safe;l;;8;213926aus2redſejis;226redſejis;x;x;sijeſder
2;137;18;aus2;redſejis;safe;l;;8;213718aus2redſejis;218redſejis;x;x;sijeſder
2;128;12;aus2;redſejis;safe;l;;8;212812aus2redſejis;212redſejis;x;x;sijeſder
1;518;7;aus2;redſejis;safe;l;;8;15187aus2redſejis;17redſejis;x;x;sijeſder
1;456;26;aus2;redſejis;safe;l;;8;145626aus2redſejis;126redſejis;x;x;sijeſder
1;434;19;peri;redſejis;safe;l;;8;143419periredſejis;119redſejis;x;x;sijeſder
1;340;23;peri;redſejis;safe;l;;8;134023periredſejis;123redſejis;x;x;sijeſder
1;299;14;aus2;redſejis;safe;l;;8;129914aus2redſejis;114redſejis;x;x;sijeſder
1;298;5;aus1;redſejis;safe;l;;8;12985aus1redſejis;15redſejis;x;x;sijeſder
1;275;23;aus2;redſejis;safe;l;;8;127523aus2redſejis;123redſejis;x;x;sijeſder
1;275;17;aus2;redſejis;safe;l;;8;127517aus2redſejis;117redſejis;x;x;sijeſder
1;233;14;aus2;redſejis;safe;l;;8;123314aus2redſejis;114redſejis;x;x;sijeſder
1;222;6;peri;redſejis;safe;l;;8;12226periredſejis;16redſejis;x;x;sijeſder
1;75;20;aus2;redſejis;safe;l;;8;17520aus2redſejis;120redſejis;x;x;sijeſder
1;55;22;aus2;redſejis;safe;l;;8;15522aus2redſejis;122redſejis;x;x;sijeſder
1;43;10;aus2;redſejis;safe;l;;8;14310aus2redſejis;110redſejis;x;x;sijeſder
2;260;29;aus2;redſejis;safe;l;;8;226029aus2redſejis;229redſejis;x;x;sijeſder
2;264;9;aus2;redſejis;safe;l;;8;22649aus2redſejis;29redſejis;x;x;sijeſder
2;308;4;aus1;redſejis;safe;l;;8;23084aus1redſejis;24redſejis;x;x;sijeſder
2;363;17;aus2;redſejis;safe;l;;8;236317aus2redſejis;217redſejis;x;x;sijeſder
1;450;1;aus2;ißredſejis;safe;l;;10;14501aus2ißredſejis;11ißredſejis;x;x;sijeſderßi
1;136;1;aus2;ißredſejis;safe;l;;10;11361aus2ißredſejis;11ißredſejis;x;x;sijeſderßi
3;122;24;aus2;ẜuhdſejis;safe;l;;9;312224aus2ẜuhdſejis;324ẜuhdſejis;x;x;sijeſdhuẜ
2;179;22;aus2;ẜuhdſejis;safe;l;;9;217922aus2ẜuhdſejis;222ẜuhdſejis;x;x;sijeſdhuẜ
1;225;16;aus2;pa⸗lidſejis;safe;l;;11;122516aus2pa⸗lidſejis;116pa⸗lidſejis;x;x;sijeſdil⸗ap
1;470;30;aus2;pallidſejis;safe;l;;11;147030aus2pallidſejis;130pallidſejis;x;x;sijeſdillap
1;470;28;aus2;pallidſejis;safe;l;;11;147028aus2pallidſejis;128pallidſejis;x;x;sijeſdillap
1;142;19;peri;ẜaudſejis;safe;l;;9;114219periẜaudſejis;119ẜaudſejis;x;x;sijeſduaẜ
1;527;27;aus1;ẜaghrauſejis;safe;l;;;152727aus1ẜaghrauſejis;127ẜaghrauſejis;x;x;sijeſuarhgaẜ
2;181;20;aus2;ißplietejis;safe;l;;11;218120aus2ißplietejis;220ißplietejis;x;x;sijeteilpßi
1;36;23;aus2;ſchkieſtejis;safe;l;;12;13623aus2ſchkieſtejis;123ſchkieſtejis;x;x;sijetſeikhcſ
3;39;14;aus2;wejis;safe;l;;5;33914aus2wejis;314wejis;x;x;sijew
2;289;1;aus2;wejis;safe;l;;5;22891aus2wejis;21wejis;x;x;sijew
1;281;11;peri;ghawejis;safe;l;;8;128111perighawejis;111ghawejis;x;x;sijewahg
2;88;27;aus2;ſtahwejis;safe;l;;9;28827aus2ſtahwejis;227ſtahwejis;x;x;sijewhatſ
1;320;20;aus2;ſtahwejis;safe;l;;9;132020aus2ſtahwejis;120ſtahwejis;x;x;sijewhatſ
1;182;3;aus2;ſtahwejis;safe;l;;9;11823aus2ſtahwejis;13ſtahwejis;x;x;sijewhatſ
2;69;29;aus2;Ghraͤko⸗Kacktànotetʒejis;safe;u;;24;26929aus2Ghraͤko⸗Kacktànotetʒejis;229Ghraͤko⸗Kacktànotetʒejis;x;x;sijeʒtetonàtkcaK⸗okͤarhG
3;210;28;aus2;ißtetʒejis;safe;l;;10;321028aus2ißtetʒejis;328ißtetʒejis;x;x;sijeʒtetßi
3;177;23;aus2;titʒejis;safe;l;;8;317723aus2titʒejis;323titʒejis;x;x;sijeʒtit
3;126;3;aus2;titʒejis;safe;l;;8;31263aus2titʒejis;33titʒejis;x;x;sijeʒtit
1;534;1;aus2;titʒejis;safe;l;;8;15341aus2titʒejis;11titʒejis;x;x;sijeʒtit
1;187;21;aus1;titʒejis;safe;l;;8;118721aus1titʒejis;121titʒejis;x;x;sijeʒtit
1;158;5;peri;titʒejis;safe;l;;8;11585perititʒejis;15titʒejis;x;x;sijeʒtit
1;93;4;aus2;titʒejis;safe;l;;8;1934aus2titʒejis;14titʒejis;x;x;sijeʒtit
1;80;9;aus2;titʒejis;safe;l;;8;1809aus2titʒejis;19titʒejis;x;x;sijeʒtit
3;141;19;peri;ußtitʒejis;safe;l;;10;314119periußtitʒejis;319ußtitʒejis;x;x;sijeʒtitßu
3;126;17;aus2;ustitʒejis;safe;l;;10;312617aus2ustitʒejis;317ustitʒejis;x;x;sijeʒtitsu
2;180;29;aus2;ustitʒejis;safe;l;;10;218029aus2ustitʒejis;229ustitʒejis;x;x;sijeʒtitsu
2;176;26;aus2;ustitʒejis;safe;l;;10;217626aus2ustitʒejis;226ustitʒejis;x;x;sijeʒtitsu
2;174;8;aus2;ustitʒejis;safe;l;;10;21748aus2ustitʒejis;28ustitʒejis;x;x;sijeʒtitsu
2;174;4;aus2;ustitʒejis;safe;l;;10;21744aus2ustitʒejis;24ustitʒejis;x;x;sijeʒtitsu
2;174;3;aus2;ustitʒejis;safe;l;;10;21743aus2ustitʒejis;23ustitʒejis;x;x;sijeʒtitsu
1;163;10;aus2;ustitʒejis;safe;l;;10;116310aus2ustitʒejis;110ustitʒejis;x;x;sijeʒtitsu
1;479;6;aus2;ghahjis;safe;l;;7;14796aus2ghahjis;16ghahjis;x;x;sijhahg
1;478;29;aus2;ghahjis;safe;l;;7;147829aus2ghahjis;129ghahjis;x;x;sijhahg
1;423;5;aus1;ghahjis;safe;l;;7;14235aus1ghahjis;15ghahjis;x;x;sijhahg
1;93;2;aus2;ghahjis;safe;l;;7;1932aus2ghahjis;12ghahjis;x;x;sijhahg
3;51;10;aus2;ißghahjis;safe;l;;9;35110aus2ißghahjis;310ißghahjis;x;x;sijhahgßi
3;26;21;aus2;ißghahjis;safe;l;;9;32621aus2ißghahjis;321ißghahjis;x;x;sijhahgßi
3;90;5;aus2;attghahjis;safe;l;;10;3905aus2attghahjis;35attghahjis;x;x;sijhahgtta
1;1;5;intr;jahjis;safe;l;;6;115intrjahjis;15jahjis;x;x;sijhaj
1;367;4;intr;ee⸗jahjis;safe;l;;9;13674intree⸗jahjis;14ee⸗jahjis;x;x;sijhaj⸗ee
1;6;4;aus2;ee⸗jahjis;safe;l;;9;164aus2ee⸗jahjis;14ee⸗jahjis;x;x;sijhaj⸗ee
1;3;29;aus1;ee⸗jahjis;safe;l;;9;1329aus1ee⸗jahjis;129ee⸗jahjis;x;x;sijhaj⸗ee
3;21;24;aus2;krahjis;safe;l;;7;32124aus2krahjis;324krahjis;x;x;sijhark
1;118;10;aus2;peeſtahjis;safe;l;;10;111810aus2peeſtahjis;110peeſtahjis;x;x;sijhatſeep
1;466;24;aus2;atſtahjis;safe;l;;9;146624aus2atſtahjis;124atſtahjis;x;x;sijhatſta
3;215;11;aus2;attſtahjis;safe;l;;10;321511aus2attſtahjis;311attſtahjis;x;x;sijhatſtta
3;48;21;aus2;attſtahjis;safe;l;;10;34821aus2attſtahjis;321attſtahjis;x;x;sijhatſtta
2;6;24;aus2;attſtahjis;safe;l;;10;2624aus2attſtahjis;224attſtahjis;x;x;sijhatſtta
1;483;18;aus2;attſtahjis;safe;l;;10;148318aus2attſtahjis;118attſtahjis;x;x;sijhatſtta
1;428;17;aus2;attſtahjis;safe;l;;10;142817aus2attſtahjis;117attſtahjis;x;x;sijhatſtta
1;426;10;aus2;attſtahjis;safe;l;;10;142610aus2attſtahjis;110attſtahjis;x;x;sijhatſtta
2;183;28;aus2;ẜehdehjis;safe;l;;9;218328aus2ẜehdehjis;228ẜehdehjis;x;x;sijhedheẜ
1;163;6;aus2;lehjis;safe;l;;6;11636aus2lehjis;16lehjis;x;x;sijhel
3;110;24;aus2;iß⸗lehjis;safe;l;;9;311024aus2iß⸗lehjis;324iß⸗lehjis;x;x;sijhel⸗ßi
3;111;14;aus2;ißlehjis;safe;l;;8;311114aus2ißlehjis;314ißlehjis;x;x;sijhelßi
3;109;20;aus2;ißlehjis;safe;l;;8;310920aus2ißlehjis;320ißlehjis;x;x;sijhelßi
2;157;28;aus2;ißlehjis;safe;l;;8;215728aus2ißlehjis;228ißlehjis;x;x;sijhelßi
2;69;14;aus2;ißlehjis;safe;l;;8;26914aus2ißlehjis;214ißlehjis;x;x;sijhelßi
1;536;10;aus2;ißlehjis;safe;l;;8;153610aus2ißlehjis;110ißlehjis;x;x;sijhelßi
1;485;23;aus2;ißlehjis;safe;l;;8;148523aus2ißlehjis;123ißlehjis;x;x;sijhelßi
1;402;12;aus2;ißlehjis;safe;l;;8;140212aus2ißlehjis;112ißlehjis;x;x;sijhelßi
1;398;1;aus2;ißlehjis;safe;l;;8;13981aus2ißlehjis;11ißlehjis;x;x;sijhelßi
1;395;13;aus2;ißlehjis;safe;l;;8;139513aus2ißlehjis;113ißlehjis;x;x;sijhelßi
1;387;28;aus2;ißlehjis;safe;l;;8;138728aus2ißlehjis;128ißlehjis;x;x;sijhelßi
1;387;12;aus2;ißlehjis;safe;l;;8;138712aus2ißlehjis;112ißlehjis;x;x;sijhelßi
1;238;6;aus2;ißlehjis;safe;l;;8;12386aus2ißlehjis;16ißlehjis;x;x;sijhelßi
1;81;23;aus2;ißlehjis;safe;l;;8;18123aus2ißlehjis;123ißlehjis;x;x;sijhelßi
1;297;22;aus1;kaunehjis;safe;l;;9;129722aus1kaunehjis;122kaunehjis;x;x;sijhenuak
2;214;9;aus2;ſpehjis;safe;l;;7;22149aus2ſpehjis;29ſpehjis;x;x;sijhepſ
2;217;19;aus2;ẜehjis;safe;l;;6;221719aus2ẜehjis;219ẜehjis;x;x;sijheẜ
1;205;23;aus2;ẜehjis;safe;l;;6;120523aus2ẜehjis;123ẜehjis;x;x;sijheẜ
1;201;8;aus2;ẜehjis;safe;l;;6;12018aus2ẜehjis;18ẜehjis;x;x;sijheẜ
1;201;7;aus2;ẜehjis;safe;l;;6;12017aus2ẜehjis;17ẜehjis;x;x;sijheẜ
1;198;12;peri;ẜehjis;safe;l;;6;119812periẜehjis;112ẜehjis;x;x;sijheẜ
1;205;28;aus2;iß⸗ẜehjis;safe;l;;9;120528aus2iß⸗ẜehjis;128iß⸗ẜehjis;x;x;sijheẜ⸗ßi
2;216;9;aus2;aiß⸗ẜehjis;safe;l;;10;22169aus2aiß⸗ẜehjis;29aiß⸗ẜehjis;x;x;sijheẜ⸗ßia
3;94;16;aus2;Semmes⸗Ꞩohjis;safe;u;;13;39416aus2Semmes⸗Ꞩohjis;316Semmes⸗Ꞩohjis;x;x;sijhoꞨ⸗semmeS
2;252;11;peri;bijis;safe;l;;5;225211peribijis;211bijis;x;x;sijib
3;206;30;aus2;bijis;safe;l;;5;320630aus2bijis;330bijis;x;x;sijib
3;206;26;aus2;bijis;safe;l;;5;320626aus2bijis;326bijis;x;x;sijib
3;206;17;aus2;bijis;safe;l;;5;320617aus2bijis;317bijis;x;x;sijib
3;205;30;aus2;bijis;safe;l;;5;320530aus2bijis;330bijis;x;x;sijib
3;205;7;aus2;bijis;safe;l;;5;32057aus2bijis;37bijis;x;x;sijib
3;198;8;aus2;bijis;safe;l;;5;31988aus2bijis;38bijis;x;x;sijib
3;198;7;aus2;bijis;safe;l;;5;31987aus2bijis;37bijis;x;x;sijib
3;196;5;aus1;bijis;safe;l;;5;31965aus1bijis;35bijis;x;x;sijib
3;192;23;peri;bijis;safe;l;;5;319223peribijis;323bijis;x;x;sijib
3;182;26;aus2;bijis;safe;l;;5;318226aus2bijis;326bijis;x;x;sijib
3;157;2;aus2;bijis;safe;l;;5;31572aus2bijis;32bijis;x;x;sijib
3;152;30;aus2;bijis;safe;l;;5;315230aus2bijis;330bijis;x;x;sijib
3;151;10;aus2;bijis;safe;l;;5;315110aus2bijis;310bijis;x;x;sijib
3;148;9;aus2;bijis;safe;l;;5;31489aus2bijis;39bijis;x;x;sijib
3;147;8;aus2;bijis;safe;l;;5;31478aus2bijis;38bijis;x;x;sijib
3;144;11;peri;bijis;safe;l;;5;314411peribijis;311bijis;x;x;sijib
3;127;9;aus2;bijis;safe;l;;5;31279aus2bijis;39bijis;x;x;sijib
3;122;30;aus2;bijis;safe;l;;5;312230aus2bijis;330bijis;x;x;sijib
3;122;3;aus2;bijis;safe;l;;5;31223aus2bijis;33bijis;x;x;sijib
3;75;16;aus1;bijis;safe;l;;5;37516aus1bijis;316bijis;x;x;sijib
3;68;24;aus1;bijis;safe;l;;5;36824aus1bijis;324bijis;x;x;sijib
3;63;4;aus1;bijis;safe;l;;5;3634aus1bijis;34bijis;x;x;sijib
3;56;16;aus2;bijis;safe;l;;5;35616aus2bijis;316bijis;x;x;sijib
3;42;4;aus2;bijis;safe;l;;5;3424aus2bijis;34bijis;x;x;sijib
3;21;12;aus2;bijis;safe;l;;5;32112aus2bijis;312bijis;x;x;sijib
3;17;2;aus2;bijis;safe;l;;5;3172aus2bijis;32bijis;x;x;sijib
2;249;21;aus2;bijis;safe;l;;5;224921aus2bijis;221bijis;x;x;sijib
2;244;20;aus2;bijis;safe;l;;5;224420aus2bijis;220bijis;x;x;sijib
2;244;19;aus2;bijis;safe;l;;5;224419aus2bijis;219bijis;x;x;sijib
2;215;16;aus2;bijis;safe;l;;5;221516aus2bijis;216bijis;x;x;sijib
2;193;15;aus2;bijis;safe;l;;5;219315aus2bijis;215bijis;x;x;sijib
2;184;7;aus2;bijis;safe;l;;5;21847aus2bijis;27bijis;x;x;sijib
2;184;6;aus2;bijis;safe;l;;5;21846aus2bijis;26bijis;x;x;sijib
2;184;5;aus2;bijis;safe;l;;5;21845aus2bijis;25bijis;x;x;sijib
2;184;4;aus2;bijis;safe;l;;5;21844aus2bijis;24bijis;x;x;sijib
2;184;3;aus2;bijis;safe;l;;5;21843aus2bijis;23bijis;x;x;sijib
2;184;1;aus2;bijis;safe;l;;5;21841aus2bijis;21bijis;x;x;sijib
2;181;17;aus2;bijis;safe;l;;5;218117aus2bijis;217bijis;x;x;sijib
2;180;14;aus2;bijis;safe;l;;5;218014aus2bijis;214bijis;x;x;sijib
2;139;25;aus2;bijis;safe;l;;5;213925aus2bijis;225bijis;x;x;sijib
2;138;10;aus2;bijis;safe;l;;5;213810aus2bijis;210bijis;x;x;sijib
2;119;20;aus2;bijis;safe;l;;5;211920aus2bijis;220bijis;x;x;sijib
2;57;23;aus2;bijis;safe;l;;5;25723aus2bijis;223bijis;x;x;sijib
2;46;28;aus1;bijis;safe;l;;5;24628aus1bijis;228bijis;x;x;sijib
2;24;11;aus2;bijis;safe;l;;5;22411aus2bijis;211bijis;x;x;sijib
2;24;3;aus2;bijis;safe;l;;5;2243aus2bijis;23bijis;x;x;sijib
2;19;9;aus2;bijis;safe;l;;5;2199aus2bijis;29bijis;x;x;sijib
2;19;8;aus2;bijis;safe;l;;5;2198aus2bijis;28bijis;x;x;sijib
1;536;3;aus2;bijis;safe;l;;5;15363aus2bijis;13bijis;x;x;sijib
1;529;5;aus2;bijis;safe;l;;5;15295aus2bijis;15bijis;x;x;sijib
1;523;5;aus2;bijis;safe;l;;5;15235aus2bijis;15bijis;x;x;sijib
1;518;4;aus2;bijis;safe;l;;5;15184aus2bijis;14bijis;x;x;sijib
1;509;15;aus2;bijis;safe;l;;5;150915aus2bijis;115bijis;x;x;sijib
1;482;1;aus2;bijis;safe;l;;5;14821aus2bijis;11bijis;x;x;sijib
1;479;22;aus2;bijis;safe;l;;5;147922aus2bijis;122bijis;x;x;sijib
1;474;4;aus2;bijis;safe;l;;5;14744aus2bijis;14bijis;x;x;sijib
1;471;12;aus2;bijis;safe;l;;5;147112aus2bijis;112bijis;x;x;sijib
1;463;23;aus1;bijis;safe;l;;5;146323aus1bijis;123bijis;x;x;sijib
1;456;25;aus2;bijis;safe;l;;5;145625aus2bijis;125bijis;x;x;sijib
1;450;26;aus2;bijis;safe;l;;5;145026aus2bijis;126bijis;x;x;sijib
1;441;11;aus2;bijis;safe;l;;5;144111aus2bijis;111bijis;x;x;sijib
1;389;23;aus2;bijis;safe;l;;5;138923aus2bijis;123bijis;x;x;sijib
1;386;27;aus2;bijis;safe;l;;5;138627aus2bijis;127bijis;x;x;sijib
1;385;29;aus2;bijis;safe;l;;5;138529aus2bijis;129bijis;x;x;sijib
1;362;27;aus2;bijis;safe;l;;5;136227aus2bijis;127bijis;x;x;sijib
1;362;18;aus2;bijis;safe;l;;5;136218aus2bijis;118bijis;x;x;sijib
1;360;5;aus2;bijis;safe;l;;5;13605aus2bijis;15bijis;x;x;sijib
1;358;16;aus2;bijis;safe;l;;5;135816aus2bijis;116bijis;x;x;sijib
1;348;17;aus2;bijis;safe;l;;5;134817aus2bijis;117bijis;x;x;sijib
1;348;4;aus2;bijis;safe;l;;5;13484aus2bijis;14bijis;x;x;sijib
1;344;15;aus2;bijis;safe;l;;5;134415aus2bijis;115bijis;x;x;sijib
1;344;2;aus2;bijis;safe;l;;5;13442aus2bijis;12bijis;x;x;sijib
1;343;29;aus2;bijis;safe;l;;5;134329aus2bijis;129bijis;x;x;sijib
1;341;15;aus1;bijis;safe;l;;5;134115aus1bijis;115bijis;x;x;sijib
1;335;3;aus2;bijis;safe;l;;5;13353aus2bijis;13bijis;x;x;sijib
1;332;2;aus2;bijis;safe;l;;5;13322aus2bijis;12bijis;x;x;sijib
1;325;1;aus2;bijis;safe;l;;5;13251aus2bijis;11bijis;x;x;sijib
1;322;11;aus2;bijis;safe;l;;5;132211aus2bijis;111bijis;x;x;sijib
1;321;14;aus2;bijis;safe;l;;5;132114aus2bijis;114bijis;x;x;sijib
1;318;25;aus2;bijis;safe;l;;5;131825aus2bijis;125bijis;x;x;sijib
1;313;28;aus2;bijis;safe;l;;5;131328aus2bijis;128bijis;x;x;sijib
1;308;21;aus2;bijis;safe;l;;5;130821aus2bijis;121bijis;x;x;sijib
1;308;2;aus2;bijis;safe;l;;5;13082aus2bijis;12bijis;x;x;sijib
1;294;10;aus2;bijis;safe;l;;5;129410aus2bijis;110bijis;x;x;sijib
1;294;8;aus2;bijis;safe;l;;5;12948aus2bijis;18bijis;x;x;sijib
1;287;23;aus2;bijis;safe;l;;5;128723aus2bijis;123bijis;x;x;sijib
1;286;9;aus2;bijis;safe;l;;5;12869aus2bijis;19bijis;x;x;sijib
1;280;18;aus2;bijis;safe;l;;5;128018aus2bijis;118bijis;x;x;sijib
1;280;17;aus2;bijis;safe;l;;5;128017aus2bijis;117bijis;x;x;sijib
1;280;16;aus2;bijis;safe;l;;5;128016aus2bijis;116bijis;x;x;sijib
1;269;14;aus2;bijis;safe;l;;5;126914aus2bijis;114bijis;x;x;sijib
1;265;23;aus2;bijis;safe;l;;5;126523aus2bijis;123bijis;x;x;sijib
1;265;22;aus2;bijis;safe;l;;5;126522aus2bijis;122bijis;x;x;sijib
1;265;21;aus2;bijis;safe;l;;5;126521aus2bijis;121bijis;x;x;sijib
1;247;13;aus2;bijis;safe;l;;5;124713aus2bijis;113bijis;x;x;sijib
1;231;25;aus2;bijis;safe;l;;5;123125aus2bijis;125bijis;x;x;sijib
1;182;29;aus2;bijis;safe;l;;5;118229aus2bijis;129bijis;x;x;sijib
1;174;8;aus2;bijis;safe;l;;5;11748aus2bijis;18bijis;x;x;sijib
1;167;25;aus2;bijis;safe;l;;5;116725aus2bijis;125bijis;x;x;sijib
1;167;17;aus2;bijis;safe;l;;5;116717aus2bijis;117bijis;x;x;sijib
1;149;4;aus2;bijis;safe;l;;5;11494aus2bijis;14bijis;x;x;sijib
1;144;30;aus2;bijis;safe;l;;5;114430aus2bijis;130bijis;x;x;sijib
1;142;13;peri;bijis;safe;l;;5;114213peribijis;113bijis;x;x;sijib
1;128;14;aus1;bijis;safe;l;;5;112814aus1bijis;114bijis;x;x;sijib
1;122;26;aus2;bijis;safe;l;;5;112226aus2bijis;126bijis;x;x;sijib
1;105;5;aus2;bijis;safe;l;;5;11055aus2bijis;15bijis;x;x;sijib
1;104;19;aus2;bijis;safe;l;;5;110419aus2bijis;119bijis;x;x;sijib
1;104;17;aus2;bijis;safe;l;;5;110417aus2bijis;117bijis;x;x;sijib
1;89;6;aus2;bijis;safe;l;;5;1896aus2bijis;16bijis;x;x;sijib
1;83;26;aus2;bijis;safe;l;;5;18326aus2bijis;126bijis;x;x;sijib
1;80;10;aus2;bijis;safe;l;;5;18010aus2bijis;110bijis;x;x;sijib
1;76;8;aus2;bijis;safe;l;;5;1768aus2bijis;18bijis;x;x;sijib
1;69;28;aus2;bijis;safe;l;;5;16928aus2bijis;128bijis;x;x;sijib
1;38;13;peri;bijis;safe;l;;5;13813peribijis;113bijis;x;x;sijib
1;30;17;aus2;bijis;safe;l;;5;13017aus2bijis;117bijis;x;x;sijib
1;526;11;peri;bijis;safe;l;;5;152611peribijis;111bijis;x;x;sijib
2;257;17;aus2;bijis;safe;l;;5;225717aus2bijis;217bijis;x;x;sijib
2;264;8;aus2;bijis;safe;l;;5;22648aus2bijis;28bijis;x;x;sijib
2;417;8;peri;bijis;safe;l;;5;24178peribijis;28bijis;x;x;sijib
2;417;9;peri;bijis;safe;l;;5;24179peribijis;29bijis;x;x;sijib
2;418;4;peri;bijis;safe;l;;5;24184peribijis;24bijis;x;x;sijib
2;418;6;peri;bijis;safe;l;;5;24186peribijis;26bijis;x;x;sijib
2;418;7;peri;bijis;safe;l;;5;24187peribijis;27bijis;x;x;sijib
2;418;9;peri;bijis;safe;l;;5;24189peribijis;29bijis;x;x;sijib
2;427;17;aus2;bijis;safe;l;;5;242717aus2bijis;217bijis;x;x;sijib
2;427;19;aus2;bijis;safe;l;;5;242719aus2bijis;219bijis;x;x;sijib
2;427;20;aus2;bijis;safe;l;;5;242720aus2bijis;220bijis;x;x;sijib
2;427;21;aus2;bijis;safe;l;;5;242721aus2bijis;221bijis;x;x;sijib
2;258;26;aus2;bijis;safe;l;;5;225826aus2bijis;226bijis;x;x;sijib
2;260;13;aus2;bijis;safe;l;;5;226013aus2bijis;213bijis;x;x;sijib
2;311;31;aus2;bijis;safe;l;;5;231131aus2bijis;231bijis;x;x;sijib
2;323;13;aus2;bijis;safe;l;;5;232313aus2bijis;213bijis;x;x;sijib
2;406;22;aus1;bijis;safe;l;;5;240622aus1bijis;222bijis;x;x;sijib
2;427;18;aus2;bijis;safe;l;;5;242718aus2bijis;218bijis;x;x;sijib
2;201;22;aus2;dijis;safe;l;;5;220122aus2dijis;222dijis;x;x;sijid
2;115;14;aus2;dijis;safe;l;;5;211514aus2dijis;214dijis;x;x;sijid
1;548;12;aus2;dijis;safe;l;;5;154812aus2dijis;112dijis;x;x;sijid
1;542;13;aus1;dijis;safe;l;;5;154213aus1dijis;113dijis;x;x;sijid
1;407;16;aus1;dijis;safe;l;;5;140716aus1dijis;116dijis;x;x;sijid
1;394;30;aus2;dijis;safe;l;;5;139430aus2dijis;130dijis;x;x;sijid
1;291;16;aus2;dijis;safe;l;;5;129116aus2dijis;116dijis;x;x;sijid
1;231;11;aus2;dijis;safe;l;;5;123111aus2dijis;111dijis;x;x;sijid
1;108;11;aus2;dijis;safe;l;;5;110811aus2dijis;111dijis;x;x;sijid
1;448;24;aus1;radijis;safe;l;;7;144824aus1radijis;124radijis;x;x;sijidar
2;218;3;aus2;paradijis;safe;l;;9;22183aus2paradijis;23paradijis;x;x;sijidarap
2;195;21;aus2;paradijis;safe;l;;9;219521aus2paradijis;221paradijis;x;x;sijidarap
1;407;22;aus1;paradijis;safe;l;;9;140722aus1paradijis;122paradijis;x;x;sijidarap
2;350;16;aus2;paradijis;safe;l;;9;235016aus2paradijis;216paradijis;x;x;sijidarap
1;389;24;aus2;ee⸗ſtadijis;safe;l;;11;138924aus2ee⸗ſtadijis;124ee⸗ſtadijis;x;x;sijidatſ⸗ee
1;385;24;aus2;eeſtadijis;safe;l;;10;138524aus2eeſtadijis;124eeſtadijis;x;x;sijidatſee
3;182;31;aus2;raddijis;safe;l;;8;318231aus2raddijis;331raddijis;x;x;sijiddar
3;51;31;aus2;raddijis;safe;l;;8;35131aus2raddijis;331raddijis;x;x;sijiddar
3;23;16;aus2;raddijis;safe;l;;8;32316aus2raddijis;316raddijis;x;x;sijiddar
2;254;1;aus1;raddijis;safe;l;;8;22541aus1raddijis;21raddijis;x;x;sijiddar
2;207;30;aus2;raddijis;safe;l;;8;220730aus2raddijis;230raddijis;x;x;sijiddar
2;206;16;aus2;raddijis;safe;l;;8;220616aus2raddijis;216raddijis;x;x;sijiddar
2;175;8;aus2;raddijis;safe;l;;8;21758aus2raddijis;28raddijis;x;x;sijiddar
2;175;6;aus2;raddijis;safe;l;;8;21756aus2raddijis;26raddijis;x;x;sijiddar
2;173;17;aus2;raddijis;safe;l;;8;217317aus2raddijis;217raddijis;x;x;sijiddar
2;117;18;aus2;raddijis;safe;l;;8;211718aus2raddijis;218raddijis;x;x;sijiddar
2;109;13;aus2;raddijis;safe;l;;8;210913aus2raddijis;213raddijis;x;x;sijiddar
2;100;20;aus1;raddijis;safe;l;;8;210020aus1raddijis;220raddijis;x;x;sijiddar
2;11;21;aus2;raddijis;safe;l;;8;21121aus2raddijis;221raddijis;x;x;sijiddar
2;5;19;aus2;raddijis;safe;l;;8;2519aus2raddijis;219raddijis;x;x;sijiddar
2;5;1;aus2;raddijis;safe;l;;8;251aus2raddijis;21raddijis;x;x;sijiddar
2;4;30;aus2;raddijis;safe;l;;8;2430aus2raddijis;230raddijis;x;x;sijiddar
2;4;24;aus2;raddijis;safe;l;;8;2424aus2raddijis;224raddijis;x;x;sijiddar
1;542;17;aus1;raddijis;safe;l;;8;154217aus1raddijis;117raddijis;x;x;sijiddar
1;530;8;aus2;raddijis;safe;l;;8;15308aus2raddijis;18raddijis;x;x;sijiddar
1;530;4;aus2;raddijis;safe;l;;8;15304aus2raddijis;14raddijis;x;x;sijiddar
1;507;18;aus2;raddijis;safe;l;;8;150718aus2raddijis;118raddijis;x;x;sijiddar
1;485;10;aus2;raddijis;safe;l;;8;148510aus2raddijis;110raddijis;x;x;sijiddar
1;349;25;aus2;raddijis;safe;l;;8;134925aus2raddijis;125raddijis;x;x;sijiddar
1;348;18;aus2;raddijis;safe;l;;8;134818aus2raddijis;118raddijis;x;x;sijiddar
1;314;19;aus2;raddijis;safe;l;;8;131419aus2raddijis;119raddijis;x;x;sijiddar
1;255;6;aus2;raddijis;safe;l;;8;12556aus2raddijis;16raddijis;x;x;sijiddar
1;233;8;aus2;raddijis;safe;l;;8;12338aus2raddijis;18raddijis;x;x;sijiddar
1;80;25;aus2;raddijis;safe;l;;8;18025aus2raddijis;125raddijis;x;x;sijiddar
1;77;24;aus2;raddijis;safe;l;;8;17724aus2raddijis;124raddijis;x;x;sijiddar
2;282;1;aus1;raddijis;safe;l;;8;22821aus1raddijis;21raddijis;x;x;sijiddar
2;281;26;aus1;raddijis;safe;l;;8;228126aus1raddijis;226raddijis;x;x;sijiddar
2;231;13;aus2;rahdijis;safe;l;;8;223113aus2rahdijis;213rahdijis;x;x;sijidhar
2;94;12;aus2;rahdijis;safe;l;;8;29412aus2rahdijis;212rahdijis;x;x;sijidhar
1;542;11;aus1;rahdijis;safe;l;;8;154211aus1rahdijis;111rahdijis;x;x;sijidhar
1;518;18;aus2;rahdijis;safe;l;;8;151818aus2rahdijis;118rahdijis;x;x;sijidhar
1;512;27;aus2;rahdijis;safe;l;;8;151227aus2rahdijis;127rahdijis;x;x;sijidhar
1;284;13;aus2;rahdijis;safe;l;;8;128413aus2rahdijis;113rahdijis;x;x;sijidhar
1;16;15;aus2;rahdijis;safe;l;;8;11615aus2rahdijis;115rahdijis;x;x;sijidhar
2;17;15;aus1;pa⸗rahdijis;safe;l;;11;21715aus1pa⸗rahdijis;215pa⸗rahdijis;x;x;sijidhar⸗ap
1;314;7;aus2;pa⸗rahdijis;safe;l;;11;13147aus2pa⸗rahdijis;17pa⸗rahdijis;x;x;sijidhar⸗ap
1;80;22;aus2;pa⸗rahdijis;safe;l;;11;18022aus2pa⸗rahdijis;122pa⸗rahdijis;x;x;sijidhar⸗ap
2;143;25;aus2;ee⸗rahdijis;safe;l;;11;214325aus2ee⸗rahdijis;225ee⸗rahdijis;x;x;sijidhar⸗ee
2;194;28;aus2;parahdijis;safe;l;;10;219428aus2parahdijis;228parahdijis;x;x;sijidharap
2;175;4;aus2;parahdijis;safe;l;;10;21754aus2parahdijis;24parahdijis;x;x;sijidharap
1;490;10;aus2;parahdijis;safe;l;;10;149010aus2parahdijis;110parahdijis;x;x;sijidharap
1;212;23;aus2;parahdijis;safe;l;;10;121223aus2parahdijis;123parahdijis;x;x;sijidharap
2;291;18;aus2;parahdijis;safe;l;;10;229118aus2parahdijis;218parahdijis;x;x;sijidharap
2;233;4;aus2;ſtahdijis;safe;l;;9;22334aus2ſtahdijis;24ſtahdijis;x;x;sijidhatſ
1;383;17;aus2;ſtahdijis;safe;l;;9;138317aus2ſtahdijis;117ſtahdijis;x;x;sijidhatſ
1;390;12;aus2;ee⸗ſtahdijis;safe;l;;12;139012aus2ee⸗ſtahdijis;112ee⸗ſtahdijis;x;x;sijidhatſ⸗ee
1;384;10;aus2;ee⸗ſtahdijis;safe;l;;12;138410aus2ee⸗ſtahdijis;110ee⸗ſtahdijis;x;x;sijidhatſ⸗ee
1;383;12;aus2;ee⸗ſtahdijis;safe;l;;12;138312aus2ee⸗ſtahdijis;112ee⸗ſtahdijis;x;x;sijidhatſ⸗ee
1;382;24;aus2;ee⸗ſtahdijis;safe;l;;12;138224aus2ee⸗ſtahdijis;124ee⸗ſtahdijis;x;x;sijidhatſ⸗ee
1;382;17;aus2;ee⸗ſtahdijis;safe;l;;12;138217aus2ee⸗ſtahdijis;117ee⸗ſtahdijis;x;x;sijidhatſ⸗ee
1;365;21;aus2;ee⸗ſtahdijis;safe;l;;12;136521aus2ee⸗ſtahdijis;121ee⸗ſtahdijis;x;x;sijidhatſ⸗ee
1;145;6;aus2;ee⸗ſtahdijis;safe;l;;12;11456aus2ee⸗ſtahdijis;16ee⸗ſtahdijis;x;x;sijidhatſ⸗ee
1;89;11;aus2;ee⸗ſtahdijis;safe;l;;12;18911aus2ee⸗ſtahdijis;111ee⸗ſtahdijis;x;x;sijidhatſ⸗ee
1;397;21;aus2;eeſtahdijis;safe;l;;11;139721aus2eeſtahdijis;121eeſtahdijis;x;x;sijidhatſee
1;382;4;aus1;eeſtahdijis;safe;l;;11;13824aus1eeſtahdijis;14eeſtahdijis;x;x;sijidhatſee
1;145;1;aus2;eeſtahdijis;safe;l;;11;11451aus2eeſtahdijis;11eeſtahdijis;x;x;sijidhatſee
1;134;9;aus2;eeſtahdijis;safe;l;;11;11349aus2eeſtahdijis;19eeſtahdijis;x;x;sijidhatſee
1;93;27;aus2;eeſtahdijis;safe;l;;11;19327aus2eeſtahdijis;127eeſtahdijis;x;x;sijidhatſee
1;88;23;aus2;eeſtahdijis;safe;l;;11;18823aus2eeſtahdijis;123eeſtahdijis;x;x;sijidhatſee
2;195;14;aus2;ẜohdijis;safe;l;;8;219514aus2ẜohdijis;214ẜohdijis;x;x;sijidhoẜ
2;195;9;aus2;ẜohdijis;safe;l;;8;21959aus2ẜohdijis;29ẜohdijis;x;x;sijidhoẜ
2;195;5;aus2;ẜohdijis;safe;l;;8;21955aus2ẜohdijis;25ẜohdijis;x;x;sijidhoẜ
2;119;26;aus2;ẜohdijis;safe;l;;8;211926aus2ẜohdijis;226ẜohdijis;x;x;sijidhoẜ
1;301;12;aus2;ẜohdijis;safe;l;;8;130112aus2ẜohdijis;112ẜohdijis;x;x;sijidhoẜ
1;300;27;aus2;ẜohdijis;safe;l;;8;130027aus2ẜohdijis;127ẜohdijis;x;x;sijidhoẜ
1;184;16;aus2;ẜohdijis;safe;l;;8;118416aus2ẜohdijis;116ẜohdijis;x;x;sijidhoẜ
1;179;1;aus2;ẜohdijis;safe;l;;8;11791aus2ẜohdijis;11ẜohdijis;x;x;sijidhoẜ
2;154;28;aus2;ghaidijis;safe;l;;9;215428aus2ghaidijis;228ghaidijis;x;x;sijidiahg
1;233;30;aus2;ghaidijis;safe;l;;9;123330aus2ghaidijis;130ghaidijis;x;x;sijidiahg
2;374;2;aus2;ghaidijis;safe;l;;9;23742aus2ghaidijis;22ghaidijis;x;x;sijidiahg
3;112;3;aus2;ißſpaidijis;safe;l;;11;31123aus2ißſpaidijis;33ißſpaidijis;x;x;sijidiapſßi
2;180;31;aus2;walldijis;safe;l;;9;218031aus2walldijis;231walldijis;x;x;sijidllaw
1;360;5;aus2;walldijis;safe;l;;9;13605aus2walldijis;15walldijis;x;x;sijidllaw
1;93;21;aus2;pilldijis;safe;l;;9;19321aus2pilldijis;121pilldijis;x;x;sijidllip
2;228;24;aus2;pee⸗pilldijis;safe;l;;13;222824aus2pee⸗pilldijis;224pee⸗pilldijis;x;x;sijidllip⸗eep
2;229;9;aus2;peepilldijis;safe;l;;12;22299aus2peepilldijis;29peepilldijis;x;x;sijidllipeep
3;188;21;aus2;ẜaſpahrdijis;safe;l;;12;318821aus2ẜaſpahrdijis;321ẜaſpahrdijis;x;x;sijidrhapſaẜ
1;527;27;aus1;ẜaſpahrdijis;safe;l;;;152727aus1ẜaſpahrdijis;127ẜaſpahrdijis;x;x;sijidrhapſaẜ
2;139;1;aus2;baudijis;safe;l;;8;21391aus2baudijis;21baudijis;x;x;sijiduab
1;88;9;aus2;pawehleijis;safe;l;;11;1889aus2pawehleijis;19pawehleijis;x;x;sijielhewap
2;268;15;aus2;duſẜeijis;safe;l;;9;226815aus2duſẜeijis;215duſẜeijis;x;x;sijieẜſud
1;289;5;aus2;lijis;safe;l;;5;12895aus2lijis;15lijis;x;x;sijil
3;119;20;peri;pawehlijis;safe;l;;10;311920peripawehlijis;320pawehlijis;x;x;sijilhewap
3;191;12;aus2;ẜohlijis;safe;l;;8;319112aus2ẜohlijis;312ẜohlijis;x;x;sijilhoẜ
3;184;14;aus2;ẜohlijis;safe;l;;8;318414aus2ẜohlijis;314ẜohlijis;x;x;sijilhoẜ
3;137;7;aus2;ẜohlijis;safe;l;;8;31377aus2ẜohlijis;37ẜohlijis;x;x;sijilhoẜ
3;76;2;aus1;ẜohlijis;safe;l;;8;3762aus1ẜohlijis;32ẜohlijis;x;x;sijilhoẜ
3;68;13;aus1;ẜohlijis;safe;l;;8;36813aus1ẜohlijis;313ẜohlijis;x;x;sijilhoẜ
2;249;7;aus2;ẜohlijis;safe;l;;8;22497aus2ẜohlijis;27ẜohlijis;x;x;sijilhoẜ
2;230;11;aus2;ẜohlijis;safe;l;;8;223011aus2ẜohlijis;211ẜohlijis;x;x;sijilhoẜ
2;213;14;aus2;ẜohlijis;safe;l;;8;221314aus2ẜohlijis;214ẜohlijis;x;x;sijilhoẜ
2;201;15;aus2;ẜohlijis;safe;l;;8;220115aus2ẜohlijis;215ẜohlijis;x;x;sijilhoẜ
2;138;19;aus2;ẜohlijis;safe;l;;8;213819aus2ẜohlijis;219ẜohlijis;x;x;sijilhoẜ
2;73;12;aus1;ẜohlijis;safe;l;;8;27312aus1ẜohlijis;212ẜohlijis;x;x;sijilhoẜ
1;549;26;aus2;ẜohlijis;safe;l;;8;154926aus2ẜohlijis;126ẜohlijis;x;x;sijilhoẜ
1;529;29;aus2;ẜohlijis;safe;l;;8;152929aus2ẜohlijis;129ẜohlijis;x;x;sijilhoẜ
1;524;30;aus2;ẜohlijis;safe;l;;8;152430aus2ẜohlijis;130ẜohlijis;x;x;sijilhoẜ
1;510;10;aus2;ẜohlijis;safe;l;;8;151010aus2ẜohlijis;110ẜohlijis;x;x;sijilhoẜ
1;503;27;aus2;ẜohlijis;safe;l;;8;150327aus2ẜohlijis;127ẜohlijis;x;x;sijilhoẜ
1;503;22;aus2;ẜohlijis;safe;l;;8;150322aus2ẜohlijis;122ẜohlijis;x;x;sijilhoẜ
1;503;20;aus2;ẜohlijis;safe;l;;8;150320aus2ẜohlijis;120ẜohlijis;x;x;sijilhoẜ
1;499;8;aus2;ẜohlijis;safe;l;;8;14998aus2ẜohlijis;18ẜohlijis;x;x;sijilhoẜ
1;498;13;aus2;ẜohlijis;safe;l;;8;149813aus2ẜohlijis;113ẜohlijis;x;x;sijilhoẜ
1;425;8;aus2;ẜohlijis;safe;l;;8;14258aus2ẜohlijis;18ẜohlijis;x;x;sijilhoẜ
1;424;14;aus2;ẜohlijis;safe;l;;8;142414aus2ẜohlijis;114ẜohlijis;x;x;sijilhoẜ
1;408;23;aus1;ẜohlijis;safe;l;;8;140823aus1ẜohlijis;123ẜohlijis;x;x;sijilhoẜ
1;394;30;aus2;ẜohlijis;safe;l;;8;139430aus2ẜohlijis;130ẜohlijis;x;x;sijilhoẜ
1;387;30;aus2;ẜohlijis;safe;l;;8;138730aus2ẜohlijis;130ẜohlijis;x;x;sijilhoẜ
1;385;21;aus2;ẜohlijis;safe;l;;8;138521aus2ẜohlijis;121ẜohlijis;x;x;sijilhoẜ
1;385;14;aus2;ẜohlijis;safe;l;;8;138514aus2ẜohlijis;114ẜohlijis;x;x;sijilhoẜ
1;376;25;aus2;ẜohlijis;safe;l;;8;137625aus2ẜohlijis;125ẜohlijis;x;x;sijilhoẜ
1;374;2;aus2;ẜohlijis;safe;l;;8;13742aus2ẜohlijis;12ẜohlijis;x;x;sijilhoẜ
1;290;24;aus2;ẜohlijis;safe;l;;8;129024aus2ẜohlijis;124ẜohlijis;x;x;sijilhoẜ
1;288;15;aus2;ẜohlijis;safe;l;;8;128815aus2ẜohlijis;115ẜohlijis;x;x;sijilhoẜ
1;256;27;aus2;ẜohlijis;safe;l;;8;125627aus2ẜohlijis;127ẜohlijis;x;x;sijilhoẜ
1;247;30;aus2;ẜohlijis;safe;l;;8;124730aus2ẜohlijis;130ẜohlijis;x;x;sijilhoẜ
1;224;7;aus1;ẜohlijis;safe;l;;8;12247aus1ẜohlijis;17ẜohlijis;x;x;sijilhoẜ
1;215;12;aus2;ẜohlijis;safe;l;;8;121512aus2ẜohlijis;112ẜohlijis;x;x;sijilhoẜ
1;192;19;aus2;ẜohlijis;safe;l;;8;119219aus2ẜohlijis;119ẜohlijis;x;x;sijilhoẜ
1;192;9;aus2;ẜohlijis;safe;l;;8;11929aus2ẜohlijis;19ẜohlijis;x;x;sijilhoẜ
1;160;27;aus2;ẜohlijis;safe;l;;8;116027aus2ẜohlijis;127ẜohlijis;x;x;sijilhoẜ
1;110;8;aus2;ẜohlijis;safe;l;;8;11108aus2ẜohlijis;18ẜohlijis;x;x;sijilhoẜ
1;90;31;aus2;ẜohlijis;safe;l;;8;19031aus2ẜohlijis;131ẜohlijis;x;x;sijilhoẜ
1;90;22;aus2;ẜohlijis;safe;l;;8;19022aus2ẜohlijis;122ẜohlijis;x;x;sijilhoẜ
1;89;26;aus2;ẜohlijis;safe;l;;8;18926aus2ẜohlijis;126ẜohlijis;x;x;sijilhoẜ
1;89;17;aus2;ẜohlijis;safe;l;;8;18917aus2ẜohlijis;117ẜohlijis;x;x;sijilhoẜ
1;89;13;aus2;ẜohlijis;safe;l;;8;18913aus2ẜohlijis;113ẜohlijis;x;x;sijilhoẜ
1;89;12;aus2;ẜohlijis;safe;l;;8;18912aus2ẜohlijis;112ẜohlijis;x;x;sijilhoẜ
1;87;2;aus1;ẜohlijis;safe;l;;8;1872aus1ẜohlijis;12ẜohlijis;x;x;sijilhoẜ
1;43;18;aus2;ẜohlijis;safe;l;;8;14318aus2ẜohlijis;118ẜohlijis;x;x;sijilhoẜ
1;29;19;aus1;ẜohlijis;safe;l;;8;12919aus1ẜohlijis;119ẜohlijis;x;x;sijilhoẜ
1;29;6;aus1;ẜohlijis;safe;l;;8;1296aus1ẜohlijis;16ẜohlijis;x;x;sijilhoẜ
1;26;12;intr;ẜohlijis;safe;l;;8;12612intrẜohlijis;112ẜohlijis;x;x;sijilhoẜ
1;21;21;aus2;ẜohlijis;safe;l;;8;12121aus2ẜohlijis;121ẜohlijis;x;x;sijilhoẜ
1;10;9;aus2;ẜohlijis;safe;l;;8;1109aus2ẜohlijis;19ẜohlijis;x;x;sijilhoẜ
2;305;6;aus2;ẜohlijis;safe;l;;8;23056aus2ẜohlijis;26ẜohlijis;x;x;sijilhoẜ
2;242;27;aus2;ẜohļijis;safe;l;;8;224227aus2ẜohļijis;227ẜohļijis;x;x;sijiļhoẜ
2;207;12;aus2;ee⸗ẜohlijis;safe;l;;11;220712aus2ee⸗ẜohlijis;212ee⸗ẜohlijis;x;x;sijilhoẜ⸗ee
1;499;13;aus2;ẜolijis;safe;l;;7;149913aus2ẜolijis;113ẜolijis;x;x;sijiloẜ
2;182;4;aus2;nijis;safe;l;;5;21824aus2nijis;24nijis;x;x;sijin
2;33;25;aus2;nijis;safe;l;;5;23325aus2nijis;225nijis;x;x;sijin
1;318;4;aus2;nijis;safe;l;;5;13184aus2nijis;14nijis;x;x;sijin
1;301;1;aus2;nijis;safe;l;;5;13011aus2nijis;11nijis;x;x;sijin
2;24;4;aus2;ʒeenijis;safe;l;;8;2244aus2ʒeenijis;24ʒeenijis;x;x;sijineeʒ
3;177;17;aus2;pellnijis;safe;l;;9;317717aus2pellnijis;317pellnijis;x;x;sijinllep
3;122;12;aus2;pellnijis;safe;l;;9;312212aus2pellnijis;312pellnijis;x;x;sijinllep
3;99;12;aus2;pellnijis;safe;l;;9;39912aus2pellnijis;312pellnijis;x;x;sijinllep
3;97;21;aus2;pellnijis;safe;l;;9;39721aus2pellnijis;321pellnijis;x;x;sijinllep
3;74;29;aus1;pellnijis;safe;l;;9;37429aus1pellnijis;329pellnijis;x;x;sijinllep
3;51;22;aus2;pellnijis;safe;l;;9;35122aus2pellnijis;322pellnijis;x;x;sijinllep
3;50;27;aus2;pellnijis;safe;l;;9;35027aus2pellnijis;327pellnijis;x;x;sijinllep
2;201;29;aus2;pellnijis;safe;l;;9;220129aus2pellnijis;229pellnijis;x;x;sijinllep
2;130;13;aus2;pellnijis;safe;l;;9;213013aus2pellnijis;213pellnijis;x;x;sijinllep
2;81;24;aus2;pellnijis;safe;l;;9;28124aus2pellnijis;224pellnijis;x;x;sijinllep
1;536;8;aus2;pellnijis;safe;l;;9;15368aus2pellnijis;18pellnijis;x;x;sijinllep
1;531;31;aus2;pellnijis;safe;l;;9;153131aus2pellnijis;131pellnijis;x;x;sijinllep
1;512;18;aus2;pellnijis;safe;l;;9;151218aus2pellnijis;118pellnijis;x;x;sijinllep
1;404;1;aus2;pellnijis;safe;l;;9;14041aus2pellnijis;11pellnijis;x;x;sijinllep
1;401;32;aus2;pellnijis;safe;l;;9;140132aus2pellnijis;132pellnijis;x;x;sijinllep
1;378;11;aus2;pellnijis;safe;l;;9;137811aus2pellnijis;111pellnijis;x;x;sijinllep
1;179;19;aus2;pellnijis;safe;l;;9;117919aus2pellnijis;119pellnijis;x;x;sijinllep
1;34;16;aus2;pellnijis;safe;l;;9;13416aus2pellnijis;116pellnijis;x;x;sijinllep
1;34;14;aus2;pellnijis;safe;l;;9;13414aus2pellnijis;114pellnijis;x;x;sijinllep
1;34;13;aus2;pellnijis;safe;l;;9;13413aus2pellnijis;113pellnijis;x;x;sijinllep
1;34;13;aus2;pellnijis;safe;l;;9;13413aus2pellnijis;113pellnijis;x;x;sijinllep
1;33;31;aus2;pellnijis;safe;l;;9;13331aus2pellnijis;131pellnijis;x;x;sijinllep
1;277;9;aus2;no⸗pellnijis;safe;l;;12;12779aus2no⸗pellnijis;19no⸗pellnijis;x;x;sijinllep⸗on
3;189;1;aus2;nopellnijis;safe;l;;11;31891aus2nopellnijis;31nopellnijis;x;x;sijinllepon
3;187;1;aus2;nopellnijis;safe;l;;11;31871aus2nopellnijis;31nopellnijis;x;x;sijinllepon
3;177;3;aus2;nopellnijis;safe;l;;11;31773aus2nopellnijis;33nopellnijis;x;x;sijinllepon
3;147;24;aus2;nopellnijis;safe;l;;11;314724aus2nopellnijis;324nopellnijis;x;x;sijinllepon
3;136;17;aus2;nopellnijis;safe;l;;11;313617aus2nopellnijis;317nopellnijis;x;x;sijinllepon
3;127;20;aus2;nopellnijis;safe;l;;11;312720aus2nopellnijis;320nopellnijis;x;x;sijinllepon
3;121;18;aus2;nopellnijis;safe;l;;11;312118aus2nopellnijis;318nopellnijis;x;x;sijinllepon
3;96;11;aus2;nopellnijis;safe;l;;11;39611aus2nopellnijis;311nopellnijis;x;x;sijinllepon
3;83;7;peri;nopellnijis;safe;l;;11;3837perinopellnijis;37nopellnijis;x;x;sijinllepon
3;77;19;aus1;nopellnijis;safe;l;;11;37719aus1nopellnijis;319nopellnijis;x;x;sijinllepon
3;68;28;aus1;nopellnijis;safe;l;;11;36828aus1nopellnijis;328nopellnijis;x;x;sijinllepon
3;57;12;aus2;nopellnijis;safe;l;;11;35712aus2nopellnijis;312nopellnijis;x;x;sijinllepon
3;56;24;aus2;nopellnijis;safe;l;;11;35624aus2nopellnijis;324nopellnijis;x;x;sijinllepon
3;49;26;aus2;nopellnijis;safe;l;;11;34926aus2nopellnijis;326nopellnijis;x;x;sijinllepon
2;183;3;aus2;nopellnijis;safe;l;;11;21833aus2nopellnijis;23nopellnijis;x;x;sijinllepon
2;126;16;aus1;nopellnijis;safe;l;;11;212616aus1nopellnijis;216nopellnijis;x;x;sijinllepon
2;122;13;aus2;nopellnijis;safe;l;;11;212213aus2nopellnijis;213nopellnijis;x;x;sijinllepon
2;122;1;aus2;nopellnijis;safe;l;;11;21221aus2nopellnijis;21nopellnijis;x;x;sijinllepon
2;121;31;aus2;nopellnijis;safe;l;;11;212131aus2nopellnijis;231nopellnijis;x;x;sijinllepon
2;121;3;aus2;nopellnijis;safe;l;;11;21213aus2nopellnijis;23nopellnijis;x;x;sijinllepon
2;118;3;aus2;nopellnijis;safe;l;;11;21183aus2nopellnijis;23nopellnijis;x;x;sijinllepon
2;116;28;aus2;nopellnijis;safe;l;;11;211628aus2nopellnijis;228nopellnijis;x;x;sijinllepon
2;116;8;aus2;nopellnijis;safe;l;;11;21168aus2nopellnijis;28nopellnijis;x;x;sijinllepon
2;116;4;aus2;nopellnijis;safe;l;;11;21164aus2nopellnijis;24nopellnijis;x;x;sijinllepon
2;111;14;peri;nopellnijis;safe;l;;11;211114perinopellnijis;214nopellnijis;x;x;sijinllepon
2;111;13;peri;nopellnijis;safe;l;;11;211113perinopellnijis;213nopellnijis;x;x;sijinllepon
2;111;11;peri;nopellnijis;safe;l;;11;211111perinopellnijis;211nopellnijis;x;x;sijinllepon
2;111;10;peri;nopellnijis;safe;l;;11;211110perinopellnijis;210nopellnijis;x;x;sijinllepon
2;80;31;aus2;nopellnijis;safe;l;;11;28031aus2nopellnijis;231nopellnijis;x;x;sijinllepon
2;78;11;aus2;nopellnijis;safe;l;;11;27811aus2nopellnijis;211nopellnijis;x;x;sijinllepon
2;78;4;aus2;nopellnijis;safe;l;;11;2784aus2nopellnijis;24nopellnijis;x;x;sijinllepon
2;54;31;aus2;nopellnijis;safe;l;;11;25431aus2nopellnijis;231nopellnijis;x;x;sijinllepon
2;21;28;aus2;nopellnijis;safe;l;;11;22128aus2nopellnijis;228nopellnijis;x;x;sijinllepon
2;20;30;aus2;nopellnijis;safe;l;;11;22030aus2nopellnijis;230nopellnijis;x;x;sijinllepon
1;543;17;aus1;nopellnijis;safe;l;;11;154317aus1nopellnijis;117nopellnijis;x;x;sijinllepon
1;530;22;aus2;nopellnijis;safe;l;;11;153022aus2nopellnijis;122nopellnijis;x;x;sijinllepon
1;511;8;aus2;nopellnijis;safe;l;;11;15118aus2nopellnijis;18nopellnijis;x;x;sijinllepon
1;499;2;aus2;nopellnijis;safe;l;;11;14992aus2nopellnijis;12nopellnijis;x;x;sijinllepon
1;498;19;aus2;nopellnijis;safe;l;;11;149819aus2nopellnijis;119nopellnijis;x;x;sijinllepon
1;496;5;aus2;nopellnijis;safe;l;;11;14965aus2nopellnijis;15nopellnijis;x;x;sijinllepon
1;415;17;aus2;nopellnijis;safe;l;;11;141517aus2nopellnijis;117nopellnijis;x;x;sijinllepon
1;401;9;aus2;nopellnijis;safe;l;;11;14019aus2nopellnijis;19nopellnijis;x;x;sijinllepon
1;396;29;aus2;nopellnijis;safe;l;;11;139629aus2nopellnijis;129nopellnijis;x;x;sijinllepon
1;395;6;aus2;nopellnijis;safe;l;;11;13956aus2nopellnijis;16nopellnijis;x;x;sijinllepon
1;394;18;aus2;nopellnijis;safe;l;;11;139418aus2nopellnijis;118nopellnijis;x;x;sijinllepon
1;393;8;aus2;nopellnijis;safe;l;;11;13938aus2nopellnijis;18nopellnijis;x;x;sijinllepon
1;383;6;aus2;nopellnijis;safe;l;;11;13836aus2nopellnijis;16nopellnijis;x;x;sijinllepon
1;378;26;aus2;nopellnijis;safe;l;;11;137826aus2nopellnijis;126nopellnijis;x;x;sijinllepon
1;374;9;aus2;nopellnijis;safe;l;;11;13749aus2nopellnijis;19nopellnijis;x;x;sijinllepon
1;308;4;aus2;nopellnijis;safe;l;;11;13084aus2nopellnijis;14nopellnijis;x;x;sijinllepon
1;306;16;aus2;nopellnijis;safe;l;;11;130616aus2nopellnijis;116nopellnijis;x;x;sijinllepon
1;132;30;aus2;nopellnijis;safe;l;;11;113230aus2nopellnijis;130nopellnijis;x;x;sijinllepon
1;122;9;aus2;nopellnijis;safe;l;;11;11229aus2nopellnijis;19nopellnijis;x;x;sijinllepon
1;93;15;aus2;nopellnijis;safe;l;;11;19315aus2nopellnijis;115nopellnijis;x;x;sijinllepon
1;67;4;aus2;nopellnijis;safe;l;;11;1674aus2nopellnijis;14nopellnijis;x;x;sijinllepon
1;56;18;aus2;nopellnijis;safe;l;;11;15618aus2nopellnijis;118nopellnijis;x;x;sijinllepon
2;341;28;aus2;nopellnijis;safe;l;;11;234128aus2nopellnijis;228nopellnijis;x;x;sijinllepon
3;56;20;aus2;nhenopellnijis;safe;l;;14;35620aus2nhenopellnijis;320nhenopellnijis;x;x;sijinlleponehn
1;33;31;aus2;nhenopellnijis;safe;l;;14;13331aus2nhenopellnijis;131nhenopellnijis;x;x;sijinlleponehn
1;456;28;aus2;ghannijis;safe;l;;9;145628aus2ghannijis;128ghannijis;x;x;sijinnahg
1;100;16;aus1;ghannijis;safe;l;;9;110016aus1ghannijis;116ghannijis;x;x;sijinnahg
1;492;20;aus2;iß⸗mannijis;safe;l;;11;149220aus2iß⸗mannijis;120iß⸗mannijis;x;x;sijinnam⸗ßi
3;43;7;aus2;pahr⸗ẜunnijis;safe;l;;13;3437aus2pahr⸗ẜunnijis;37pahr⸗ẜunnijis;x;x;sijinnuẜ⸗rhap
3;21;28;aus2;laupijis;safe;l;;8;32128aus2laupijis;328laupijis;x;x;sijipual
2;201;24;aus2;aplaupijis;safe;l;;10;220124aus2aplaupijis;224aplaupijis;x;x;sijipualpa
2;115;4;aus2;aplaupijis;safe;l;;10;21154aus2aplaupijis;24aplaupijis;x;x;sijipualpa
3;197;18;aus1;rijis;safe;l;;5;319718aus1rijis;318rijis;x;x;sijir
3;197;6;aus1;rijis;safe;l;;5;31976aus1rijis;36rijis;x;x;sijir
3;75;9;aus1;rijis;safe;l;;5;3759aus1rijis;39rijis;x;x;sijir
3;38;19;aus1;rijis;safe;l;;5;33819aus1rijis;319rijis;x;x;sijir
2;210;9;peri;rijis;safe;l;;5;22109peririjis;29rijis;x;x;sijir
2;181;8;aus2;rijis;safe;l;;5;21818aus2rijis;28rijis;x;x;sijir
2;57;9;aus2;rijis;safe;l;;5;2579aus2rijis;29rijis;x;x;sijir
1;395;18;aus2;rijis;safe;l;;5;139518aus2rijis;118rijis;x;x;sijir
1;293;31;aus2;rijis;safe;l;;5;129331aus2rijis;131rijis;x;x;sijir
1;190;8;aus2;rijis;safe;l;;5;11908aus2rijis;18rijis;x;x;sijir
1;140;5;aus2;darijis;safe;l;;7;11405aus2darijis;15darijis;x;x;sijirad
3;122;29;aus2;wahrijis;safe;l;;8;312229aus2wahrijis;329wahrijis;x;x;sijirhaw
3;215;20;aus2;darrijis;safe;l;;8;321520aus2darrijis;320darrijis;x;x;sijirrad
3;211;10;aus2;darrijis;safe;l;;8;321110aus2darrijis;310darrijis;x;x;sijirrad
3;197;16;aus1;darrijis;safe;l;;8;319716aus1darrijis;316darrijis;x;x;sijirrad
3;196;7;aus1;darrijis;safe;l;;8;31967aus1darrijis;37darrijis;x;x;sijirrad
3;189;9;aus2;darrijis;safe;l;;8;31899aus2darrijis;39darrijis;x;x;sijirrad
3;186;30;aus2;darrijis;safe;l;;8;318630aus2darrijis;330darrijis;x;x;sijirrad
3;183;12;aus2;darrijis;safe;l;;8;318312aus2darrijis;312darrijis;x;x;sijirrad
3;178;20;aus2;darrijis;safe;l;;8;317820aus2darrijis;320darrijis;x;x;sijirrad
3;177;12;aus2;darrijis;safe;l;;8;317712aus2darrijis;312darrijis;x;x;sijirrad
3;177;10;aus2;darrijis;safe;l;;8;317710aus2darrijis;310darrijis;x;x;sijirrad
3;177;8;aus2;darrijis;safe;l;;8;31778aus2darrijis;38darrijis;x;x;sijirrad
3;176;23;aus2;darrijis;safe;l;;8;317623aus2darrijis;323darrijis;x;x;sijirrad
3;162;19;aus2;darrijis;safe;l;;8;316219aus2darrijis;319darrijis;x;x;sijirrad
3;129;2;aus2;darrijis;safe;l;;8;31292aus2darrijis;32darrijis;x;x;sijirrad
3;128;31;aus2;darrijis;safe;l;;8;312831aus2darrijis;331darrijis;x;x;sijirrad
3;128;8;aus2;darrijis;safe;l;;8;31288aus2darrijis;38darrijis;x;x;sijirrad
3;127;17;aus2;darrijis;safe;l;;8;312717aus2darrijis;317darrijis;x;x;sijirrad
3;127;8;aus2;darrijis;safe;l;;8;31278aus2darrijis;38darrijis;x;x;sijirrad
3;126;4;aus2;darrijis;safe;l;;8;31264aus2darrijis;34darrijis;x;x;sijirrad
3;122;7;aus2;darrijis;safe;l;;8;31227aus2darrijis;37darrijis;x;x;sijirrad
3;122;6;aus2;darrijis;safe;l;;8;31226aus2darrijis;36darrijis;x;x;sijirrad
3;121;31;aus2;darrijis;safe;l;;8;312131aus2darrijis;331darrijis;x;x;sijirrad
3;121;27;aus2;darrijis;safe;l;;8;312127aus2darrijis;327darrijis;x;x;sijirrad
3;121;11;aus2;darrijis;safe;l;;8;312111aus2darrijis;311darrijis;x;x;sijirrad
3;121;5;aus2;darrijis;safe;l;;8;31215aus2darrijis;35darrijis;x;x;sijirrad
3;112;2;aus2;darrijis;safe;l;;8;31122aus2darrijis;32darrijis;x;x;sijirrad
3;111;28;aus2;darrijis;safe;l;;8;311128aus2darrijis;328darrijis;x;x;sijirrad
3;108;2;aus2;darrijis;safe;l;;8;31082aus2darrijis;32darrijis;x;x;sijirrad
3;107;30;aus2;darrijis;safe;l;;8;310730aus2darrijis;330darrijis;x;x;sijirrad
3;101;6;aus2;darrijis;safe;l;;8;31016aus2darrijis;36darrijis;x;x;sijirrad
3;100;17;aus2;darrijis;safe;l;;8;310017aus2darrijis;317darrijis;x;x;sijirrad
3;98;20;aus2;darrijis;safe;l;;8;39820aus2darrijis;320darrijis;x;x;sijirrad
3;98;18;aus2;darrijis;safe;l;;8;39818aus2darrijis;318darrijis;x;x;sijirrad
3;96;22;aus2;darrijis;safe;l;;8;39622aus2darrijis;322darrijis;x;x;sijirrad
3;96;9;aus2;darrijis;safe;l;;8;3969aus2darrijis;39darrijis;x;x;sijirrad
3;92;22;aus2;darrijis;safe;l;;8;39222aus2darrijis;322darrijis;x;x;sijirrad
3;84;15;peri;darrijis;safe;l;;8;38415peridarrijis;315darrijis;x;x;sijirrad
3;75;31;aus1;darrijis;safe;l;;8;37531aus1darrijis;331darrijis;x;x;sijirrad
3;73;3;aus1;darrijis;safe;l;;8;3733aus1darrijis;33darrijis;x;x;sijirrad
3;68;23;aus1;darrijis;safe;l;;8;36823aus1darrijis;323darrijis;x;x;sijirrad
3;68;3;aus1;darrijis;safe;l;;8;3683aus1darrijis;33darrijis;x;x;sijirrad
3;63;7;aus1;darrijis;safe;l;;8;3637aus1darrijis;37darrijis;x;x;sijirrad
3;54;9;aus2;darrijis;safe;l;;8;3549aus2darrijis;39darrijis;x;x;sijirrad
3;54;8;aus2;darrijis;safe;l;;8;3548aus2darrijis;38darrijis;x;x;sijirrad
3;42;25;aus2;darrijis;safe;l;;8;34225aus2darrijis;325darrijis;x;x;sijirrad
3;41;5;aus2;darrijis;safe;l;;8;3415aus2darrijis;35darrijis;x;x;sijirrad
3;38;13;aus1;darrijis;safe;l;;8;33813aus1darrijis;313darrijis;x;x;sijirrad
3;28;2;aus2;darrijis;safe;l;;8;3282aus2darrijis;32darrijis;x;x;sijirrad
3;21;19;aus2;darrijis;safe;l;;8;32119aus2darrijis;319darrijis;x;x;sijirrad
2;249;20;aus2;darrijis;safe;l;;8;224920aus2darrijis;220darrijis;x;x;sijirrad
2;248;29;aus2;darrijis;safe;l;;8;224829aus2darrijis;229darrijis;x;x;sijirrad
2;242;12;aus2;darrijis;safe;l;;8;224212aus2darrijis;212darrijis;x;x;sijirrad
2;240;14;aus2;darrijis;safe;l;;8;224014aus2darrijis;214darrijis;x;x;sijirrad
2;239;29;aus2;darrijis;safe;l;;8;223929aus2darrijis;229darrijis;x;x;sijirrad
2;236;21;intr;darrijis;safe;l;;8;223621intrdarrijis;221darrijis;x;x;sijirrad
2;236;13;aus2;darrijis;safe;l;;8;223613aus2darrijis;213darrijis;x;x;sijirrad
2;231;12;aus2;darrijis;safe;l;;8;223112aus2darrijis;212darrijis;x;x;sijirrad
2;217;19;aus2;darrijis;safe;l;;8;221719aus2darrijis;219darrijis;x;x;sijirrad
2;211;14;aus1;darrijis;safe;l;;8;221114aus1darrijis;214darrijis;x;x;sijirrad
2;211;13;aus1;darrijis;safe;l;;8;221113aus1darrijis;213darrijis;x;x;sijirrad
2;210;8;peri;darrijis;safe;l;;8;22108peridarrijis;28darrijis;x;x;sijirrad
2;207;9;aus2;darrijis;safe;l;;8;22079aus2darrijis;29darrijis;x;x;sijirrad
2;190;4;aus2;darrijis;safe;l;;8;21904aus2darrijis;24darrijis;x;x;sijirrad
2;183;31;aus2;darrijis;safe;l;;8;218331aus2darrijis;231darrijis;x;x;sijirrad
2;182;19;aus2;darrijis;safe;l;;8;218219aus2darrijis;219darrijis;x;x;sijirrad
2;180;5;aus2;darrijis;safe;l;;8;21805aus2darrijis;25darrijis;x;x;sijirrad
2;179;11;aus2;darrijis;safe;l;;8;217911aus2darrijis;211darrijis;x;x;sijirrad
2;178;11;aus2;darrijis;safe;l;;8;217811aus2darrijis;211darrijis;x;x;sijirrad
2;175;18;aus2;darrijis;safe;l;;8;217518aus2darrijis;218darrijis;x;x;sijirrad
2;175;7;aus2;darrijis;safe;l;;8;21757aus2darrijis;27darrijis;x;x;sijirrad
2;175;4;aus2;darrijis;safe;l;;8;21754aus2darrijis;24darrijis;x;x;sijirrad
2;174;21;aus2;darrijis;safe;l;;8;217421aus2darrijis;221darrijis;x;x;sijirrad
2;171;18;peri;darrijis;safe;l;;8;217118peridarrijis;218darrijis;x;x;sijirrad
2;157;30;aus2;darrijis;safe;l;;8;215730aus2darrijis;230darrijis;x;x;sijirrad
2;153;31;aus2;darrijis;safe;l;;8;215331aus2darrijis;231darrijis;x;x;sijirrad
2;144;26;aus2;darrijis;safe;l;;8;214426aus2darrijis;226darrijis;x;x;sijirrad
2;138;13;aus2;darrijis;safe;l;;8;213813aus2darrijis;213darrijis;x;x;sijirrad
2;138;12;aus2;darrijis;safe;l;;8;213812aus2darrijis;212darrijis;x;x;sijirrad
2;128;12;aus2;darrijis;safe;l;;8;212812aus2darrijis;212darrijis;x;x;sijirrad
2;115;6;aus2;darrijis;safe;l;;8;21156aus2darrijis;26darrijis;x;x;sijirrad
2;101;26;aus2;darrijis;safe;l;;8;210126aus2darrijis;226darrijis;x;x;sijirrad
2;97;13;aus2;darrijis;safe;l;;8;29713aus2darrijis;213darrijis;x;x;sijirrad
2;97;9;aus2;darrijis;safe;l;;8;2979aus2darrijis;29darrijis;x;x;sijirrad
2;97;8;aus2;darrijis;safe;l;;8;2978aus2darrijis;28darrijis;x;x;sijirrad
2;94;15;aus2;darrijis;safe;l;;8;29415aus2darrijis;215darrijis;x;x;sijirrad
2;90;21;aus2;darrijis;safe;l;;8;29021aus2darrijis;221darrijis;x;x;sijirrad
2;84;19;peri;darrijis;safe;l;;8;28419peridarrijis;219darrijis;x;x;sijirrad
2;79;20;aus2;darrijis;safe;l;;8;27920aus2darrijis;220darrijis;x;x;sijirrad
2;75;24;aus2;darrijis;safe;l;;8;27524aus2darrijis;224darrijis;x;x;sijirrad
2;75;19;aus2;darrijis;safe;l;;8;27519aus2darrijis;219darrijis;x;x;sijirrad
2;73;22;aus2;darrijis;safe;l;;8;27322aus2darrijis;222darrijis;x;x;sijirrad
2;49;20;aus2;darrijis;safe;l;;8;24920aus2darrijis;220darrijis;x;x;sijirrad
2;47;23;aus2;darrijis;safe;l;;8;24723aus2darrijis;223darrijis;x;x;sijirrad
2;42;11;peri;darrijis;safe;l;;8;24211peridarrijis;211darrijis;x;x;sijirrad
2;37;11;aus2;darrijis;safe;l;;8;23711aus2darrijis;211darrijis;x;x;sijirrad
2;33;6;aus2;darrijis;safe;l;;8;2336aus2darrijis;26darrijis;x;x;sijirrad
2;32;29;aus2;darrijis;safe;l;;8;23229aus2darrijis;229darrijis;x;x;sijirrad
2;23;22;aus2;darrijis;safe;l;;8;22322aus2darrijis;222darrijis;x;x;sijirrad
2;14;9;aus2;darrijis;safe;l;;8;2149aus2darrijis;29darrijis;x;x;sijirrad
2;12;5;aus2;darrijis;safe;l;;8;2125aus2darrijis;25darrijis;x;x;sijirrad
1;549;11;aus2;darrijis;safe;l;;8;154911aus2darrijis;111darrijis;x;x;sijirrad
1;543;18;aus1;darrijis;safe;l;;8;154318aus1darrijis;118darrijis;x;x;sijirrad
1;497;13;aus2;darrijis;safe;l;;8;149713aus2darrijis;113darrijis;x;x;sijirrad
1;485;12;aus2;darrijis;safe;l;;8;148512aus2darrijis;112darrijis;x;x;sijirrad
1;463;25;aus1;darrijis;safe;l;;8;146325aus1darrijis;125darrijis;x;x;sijirrad
1;452;24;aus2;darrijis;safe;l;;8;145224aus2darrijis;124darrijis;x;x;sijirrad
1;452;18;aus2;darrijis;safe;l;;8;145218aus2darrijis;118darrijis;x;x;sijirrad
1;451;16;aus2;darrijis;safe;l;;8;145116aus2darrijis;116darrijis;x;x;sijirrad
1;450;8;aus2;darrijis;safe;l;;8;14508aus2darrijis;18darrijis;x;x;sijirrad
1;411;21;aus2;darrijis;safe;l;;8;141121aus2darrijis;121darrijis;x;x;sijirrad
1;396;21;aus2;darrijis;safe;l;;8;139621aus2darrijis;121darrijis;x;x;sijirrad
1;396;13;aus2;darrijis;safe;l;;8;139613aus2darrijis;113darrijis;x;x;sijirrad
1;395;31;aus2;darrijis;safe;l;;8;139531aus2darrijis;131darrijis;x;x;sijirrad
1;394;6;aus2;darrijis;safe;l;;8;13946aus2darrijis;16darrijis;x;x;sijirrad
1;393;30;aus2;darrijis;safe;l;;8;139330aus2darrijis;130darrijis;x;x;sijirrad
1;388;1;aus2;darrijis;safe;l;;8;13881aus2darrijis;11darrijis;x;x;sijirrad
1;385;8;aus2;darrijis;safe;l;;8;13858aus2darrijis;18darrijis;x;x;sijirrad
1;383;20;aus2;darrijis;safe;l;;8;138320aus2darrijis;120darrijis;x;x;sijirrad
1;382;18;aus2;darrijis;safe;l;;8;138218aus2darrijis;118darrijis;x;x;sijirrad
1;365;18;aus2;darrijis;safe;l;;8;136518aus2darrijis;118darrijis;x;x;sijirrad
1;357;24;aus2;darrijis;safe;l;;8;135724aus2darrijis;124darrijis;x;x;sijirrad
1;357;16;aus2;darrijis;safe;l;;8;135716aus2darrijis;116darrijis;x;x;sijirrad
1;357;4;aus2;darrijis;safe;l;;8;13574aus2darrijis;14darrijis;x;x;sijirrad
1;349;17;aus2;darrijis;safe;l;;8;134917aus2darrijis;117darrijis;x;x;sijirrad
1;345;25;aus2;darrijis;safe;l;;8;134525aus2darrijis;125darrijis;x;x;sijirrad
1;345;7;aus2;darrijis;safe;l;;8;13457aus2darrijis;17darrijis;x;x;sijirrad
1;343;16;aus2;darrijis;safe;l;;8;134316aus2darrijis;116darrijis;x;x;sijirrad
1;343;5;aus2;darrijis;safe;l;;8;13435aus2darrijis;15darrijis;x;x;sijirrad
1;343;4;aus2;darrijis;safe;l;;8;13434aus2darrijis;14darrijis;x;x;sijirrad
1;329;1;aus1;darrijis;safe;l;;8;13291aus1darrijis;11darrijis;x;x;sijirrad
1;320;10;aus2;darrijis;safe;l;;8;132010aus2darrijis;110darrijis;x;x;sijirrad
1;309;2;aus2;darrijis;safe;l;;8;13092aus2darrijis;12darrijis;x;x;sijirrad
1;300;26;aus2;darrijis;safe;l;;8;130026aus2darrijis;126darrijis;x;x;sijirrad
1;300;4;aus2;darrijis;safe;l;;8;13004aus2darrijis;14darrijis;x;x;sijirrad
1;298;25;aus1;darrijis;safe;l;;8;129825aus1darrijis;125darrijis;x;x;sijirrad
1;296;5;intr;darrijis;safe;l;;8;12965intrdarrijis;15darrijis;x;x;sijirrad
1;288;21;aus2;darrijis;safe;l;;8;128821aus2darrijis;121darrijis;x;x;sijirrad
1;286;25;aus2;darrijis;safe;l;;8;128625aus2darrijis;125darrijis;x;x;sijirrad
1;277;10;aus2;darrijis;safe;l;;8;127710aus2darrijis;110darrijis;x;x;sijirrad
1;277;1;aus2;darrijis;safe;l;;8;12771aus2darrijis;11darrijis;x;x;sijirrad
1;261;22;aus2;darrijis;safe;l;;8;126122aus2darrijis;122darrijis;x;x;sijirrad
1;247;19;aus2;darrijis;safe;l;;8;124719aus2darrijis;119darrijis;x;x;sijirrad
1;242;20;aus2;darrijis;safe;l;;8;124220aus2darrijis;120darrijis;x;x;sijirrad
1;241;2;peri;darrijis;safe;l;;8;12412peridarrijis;12darrijis;x;x;sijirrad
1;229;10;aus2;darrijis;safe;l;;8;122910aus2darrijis;110darrijis;x;x;sijirrad
1;217;21;aus2;darrijis;safe;l;;8;121721aus2darrijis;121darrijis;x;x;sijirrad
1;215;30;aus2;darrijis;safe;l;;8;121530aus2darrijis;130darrijis;x;x;sijirrad
1;211;5;aus1;darrijis;safe;l;;8;12115aus1darrijis;15darrijis;x;x;sijirrad
1;211;2;aus1;darrijis;safe;l;;8;12112aus1darrijis;12darrijis;x;x;sijirrad
1;207;10;aus2;darrijis;safe;l;;8;120710aus2darrijis;110darrijis;x;x;sijirrad
1;206;21;aus2;darrijis;safe;l;;8;120621aus2darrijis;121darrijis;x;x;sijirrad
1;206;9;aus2;darrijis;safe;l;;8;12069aus2darrijis;19darrijis;x;x;sijirrad
1;206;9;aus2;darrijis;safe;l;;8;12069aus2darrijis;19darrijis;x;x;sijirrad
1;205;25;aus2;darrijis;safe;l;;8;120525aus2darrijis;125darrijis;x;x;sijirrad
1;198;14;peri;darrijis;safe;l;;8;119814peridarrijis;114darrijis;x;x;sijirrad
1;188;13;aus1;darrijis;safe;l;;8;118813aus1darrijis;113darrijis;x;x;sijirrad
1;187;13;aus1;darrijis;safe;l;;8;118713aus1darrijis;113darrijis;x;x;sijirrad
1;182;22;aus2;darrijis;safe;l;;8;118222aus2darrijis;122darrijis;x;x;sijirrad
1;182;19;aus2;darrijis;safe;l;;8;118219aus2darrijis;119darrijis;x;x;sijirrad
1;179;23;aus2;darrijis;safe;l;;8;117923aus2darrijis;123darrijis;x;x;sijirrad
1;159;4;aus1;darrijis;safe;l;;8;11594aus1darrijis;14darrijis;x;x;sijirrad
1;153;14;aus2;darrijis;safe;l;;8;115314aus2darrijis;114darrijis;x;x;sijirrad
1;145;20;aus2;darrijis;safe;l;;8;114520aus2darrijis;120darrijis;x;x;sijirrad
1;140;9;aus2;darrijis;safe;l;;8;11409aus2darrijis;19darrijis;x;x;sijirrad
1;135;13;aus2;darrijis;safe;l;;8;113513aus2darrijis;113darrijis;x;x;sijirrad
1;127;21;peri;darrijis;safe;l;;8;112721peridarrijis;121darrijis;x;x;sijirrad
1;119;21;aus2;darrijis;safe;l;;8;111921aus2darrijis;121darrijis;x;x;sijirrad
1;119;19;aus2;darrijis;safe;l;;8;111919aus2darrijis;119darrijis;x;x;sijirrad
1;98;12;aus2;darrijis;safe;l;;8;19812aus2darrijis;112darrijis;x;x;sijirrad
1;98;11;aus2;darrijis;safe;l;;8;19811aus2darrijis;111darrijis;x;x;sijirrad
1;93;18;aus2;darrijis;safe;l;;8;19318aus2darrijis;118darrijis;x;x;sijirrad
1;93;12;aus2;darrijis;safe;l;;8;19312aus2darrijis;112darrijis;x;x;sijirrad
1;92;20;aus2;darrijis;safe;l;;8;19220aus2darrijis;120darrijis;x;x;sijirrad
1;92;7;aus2;darrijis;safe;l;;8;1927aus2darrijis;17darrijis;x;x;sijirrad
1;91;19;aus2;darrijis;safe;l;;8;19119aus2darrijis;119darrijis;x;x;sijirrad
1;88;9;aus2;darrijis;safe;l;;8;1889aus2darrijis;19darrijis;x;x;sijirrad
1;81;22;aus2;darrijis;safe;l;;8;18122aus2darrijis;122darrijis;x;x;sijirrad
1;77;26;aus2;darrijis;safe;l;;8;17726aus2darrijis;126darrijis;x;x;sijirrad
1;77;5;aus2;darrijis;safe;l;;8;1775aus2darrijis;15darrijis;x;x;sijirrad
1;71;13;aus2;darrijis;safe;l;;8;17113aus2darrijis;113darrijis;x;x;sijirrad
1;64;29;aus2;darrijis;safe;l;;8;16429aus2darrijis;129darrijis;x;x;sijirrad
1;56;5;aus2;darrijis;safe;l;;8;1565aus2darrijis;15darrijis;x;x;sijirrad
1;43;10;aus2;darrijis;safe;l;;8;14310aus2darrijis;110darrijis;x;x;sijirrad
1;30;24;aus2;darrijis;safe;l;;8;13024aus2darrijis;124darrijis;x;x;sijirrad
1;29;30;aus2;darrijis;safe;l;;8;12930aus2darrijis;130darrijis;x;x;sijirrad
1;25;29;aus2;darrijis;safe;l;;8;12529aus2darrijis;129darrijis;x;x;sijirrad
1;19;2;aus2;darrijis;safe;l;;8;1192aus2darrijis;12darrijis;x;x;sijirrad
1;6;1;aus2;darrijis;safe;l;;8;161aus2darrijis;11darrijis;x;x;sijirrad
2;261;7;aus2;darrijis;safe;l;;8;22617aus2darrijis;27darrijis;x;x;sijirrad
2;261;30;aus2;darrijis;safe;l;;8;226130aus2darrijis;230darrijis;x;x;sijirrad
2;294;21;intr;darrijis;safe;l;;8;229421intrdarrijis;221darrijis;x;x;sijirrad
2;336;22;aus2;darrijis;safe;l;;8;233622aus2darrijis;222darrijis;x;x;sijirrad
2;340;18;aus2;darrijis;safe;l;;8;234018aus2darrijis;218darrijis;x;x;sijirrad
2;356;6;intr;darrijis;safe;l;;8;23566intrdarrijis;26darrijis;x;x;sijirrad
2;371;19;aus2;darrijis;safe;l;;8;237119aus2darrijis;219darrijis;x;x;sijirrad
2;377;8;aus2;darrijis;safe;l;;8;23778aus2darrijis;28darrijis;x;x;sijirrad
2;260;2;aus2;darrijis;safe;l;;8;22602aus2darrijis;22darrijis;x;x;sijirrad
2;268;10;aus2;darrijis;safe;l;;8;226810aus2darrijis;210darrijis;x;x;sijirrad
2;286;10;aus2;darrijis;safe;l;;8;228610aus2darrijis;210darrijis;x;x;sijirrad
2;298;2;aus1;darrijis;safe;l;;8;22982aus1darrijis;22darrijis;x;x;sijirrad
2;330;2;aus2;darrijis;safe;l;;8;23302aus2darrijis;22darrijis;x;x;sijirrad
2;341;16;aus2;darrijis;safe;l;;8;234116aus2darrijis;216darrijis;x;x;sijirrad
2;344;17;intr;darrijis;safe;l;;8;234417intrdarrijis;217darrijis;x;x;sijirrad
1;516;2;aus1;att⸗darrijis;safe;l;;12;15162aus1att⸗darrijis;12att⸗darrijis;x;x;sijirrad⸗tta
2;51;17;aus2;padarrijis;safe;l;;10;25117aus2padarrijis;217padarrijis;x;x;sijirradap
1;416;12;aus2;padarrijis;safe;l;;10;141612aus2padarrijis;112padarrijis;x;x;sijirradap
1;190;8;aus2;aisdarrijis;safe;l;;11;11908aus2aisdarrijis;18aisdarrijis;x;x;sijirradsia
1;164;7;aus2;warrijis;safe;l;;8;11647aus2warrijis;17warrijis;x;x;sijirraw
1;147;19;aus2;murrijis;safe;l;;8;114719aus2murrijis;119murrijis;x;x;sijirrum
3;162;3;aus2;nomurrijis;safe;l;;10;31623aus2nomurrijis;33nomurrijis;x;x;sijirrumon
1;135;23;aus2;nomurrijis;safe;l;;10;113523aus2nomurrijis;123nomurrijis;x;x;sijirrumon
2;84;17;peri;usraudſijis;safe;l;;11;28417periusraudſijis;217usraudſijis;x;x;sijiſduarsu
2;242;19;aus2;ẜaplohẜijis;safe;l;;11;224219aus2ẜaplohẜijis;219ẜaplohẜijis;x;x;sijiẜholpaẜ
2;36;28;aus2;ẜaplohẜijis;safe;l;;11;23628aus2ẜaplohẜijis;228ẜaplohẜijis;x;x;sijiẜholpaẜ
2;50;27;aus2;pahr⸗ghrohſijis;safe;l;;15;25027aus2pahr⸗ghrohſijis;227pahr⸗ghrohſijis;x;x;sijiſhorhg⸗rhap
3;54;17;aus2;usraiẜijis;safe;l;;10;35417aus2usraiẜijis;317usraiẜijis;x;x;sijiẜiarsu
1;276;31;aus2;ẜa⸗taiẜijis;safe;l;;11;127631aus2ẜa⸗taiẜijis;131ẜa⸗taiẜijis;x;x;sijiẜiat⸗aẜ
2;290;2;aus2;ẜataiſijis;safe;l;;10;22902aus2ẜataiſijis;22ẜataiſijis;x;x;sijiſiataẜ
3;52;9;aus2;ẜataiẜijis;safe;l;;10;3529aus2ẜataiẜijis;39ẜataiẜijis;x;x;sijiẜiataẜ
2;90;9;aus2;ẜataiẜijis;safe;l;;10;2909aus2ẜataiẜijis;29ẜataiẜijis;x;x;sijiẜiataẜ
2;32;31;aus2;ẜataiẜijis;safe;l;;10;23231aus2ẜataiẜijis;231ẜataiẜijis;x;x;sijiẜiataẜ
2;31;1;aus1;ẜataiẜijis;safe;l;;10;2311aus1ẜataiẜijis;21ẜataiẜijis;x;x;sijiẜiataẜ
2;28;23;intr;ẜataiẜijis;safe;l;;10;22823intrẜataiẜijis;223ẜataiẜijis;x;x;sijiẜiataẜ
1;414;15;aus2;ẜataiẜijis;safe;l;;10;141415aus2ẜataiẜijis;115ẜataiẜijis;x;x;sijiẜiataẜ
1;408;26;aus1;ẜataiẜijis;safe;l;;10;140826aus1ẜataiẜijis;126ẜataiẜijis;x;x;sijiẜiataẜ
1;383;2;aus2;ẜataiẜijis;safe;l;;10;13832aus2ẜataiẜijis;12ẜataiẜijis;x;x;sijiẜiataẜ
3;216;3;aus2;ẜataiẜijis;safe;l;;10;32163aus2ẜataiẜijis;33ẜataiẜijis;x;x;sijiẜiataẜ
2;258;1;aus2;ẜataiẜijis;safe;l;;10;22581aus2ẜataiẜijis;21ẜataiẜijis;x;x;sijiẜiataẜ
3;52;2;aus2;ißtaiẜijis;safe;l;;10;3522aus2ißtaiẜijis;32ißtaiẜijis;x;x;sijiẜiatßi
1;530;30;aus2;ißtaiẜijis;safe;l;;10;153030aus2ißtaiẜijis;130ißtaiẜijis;x;x;sijiẜiatßi
2;33;7;aus2;ẜattaiẜijis;safe;l;;11;2337aus2ẜattaiẜijis;27ẜattaiẜijis;x;x;sijiẜiattaẜ
3;216;3;aus2;ẜateiẜijis;safe;l;;10;32163aus2ẜateiẜijis;33ẜateiẜijis;x;x;sijiẜietaẜ
2;181;1;aus2;ghroſijis;safe;l;;9;21811aus2ghroſijis;21ghroſijis;x;x;sijiſorhg
1;247;20;aus2;apghroſijis;safe;l;;11;124720aus2apghroſijis;120apghroſijis;x;x;sijiſorhgpa
3;96;5;aus2;noklausẜijis;safe;l;;12;3965aus2noklausẜijis;35noklausẜijis;x;x;sijiẜsualkon
2;166;23;aus2;laſẜijis;safe;l;;8;216623aus2laſẜijis;223laſẜijis;x;x;sijiẜſal
2;163;15;aus2;laſẜijis;safe;l;;8;216315aus2laſẜijis;215laſẜijis;x;x;sijiẜſal
1;292;9;aus2;laſẜijis;safe;l;;8;12929aus2laſẜijis;19laſẜijis;x;x;sijiẜſal
1;289;11;aus2;laſẜijis;safe;l;;8;128911aus2laſẜijis;111laſẜijis;x;x;sijiẜſal
1;289;10;aus2;laſẜijis;safe;l;;8;128910aus2laſẜijis;110laſẜijis;x;x;sijiẜſal
1;288;14;aus2;laſẜijis;safe;l;;8;128814aus2laſẜijis;114laſẜijis;x;x;sijiẜſal
1;299;30;aus2;plohſẜijis;safe;l;;10;129930aus2plohſẜijis;130plohſẜijis;x;x;sijiẜſholp
1;317;16;aus2;taiſẜijis;safe;l;;9;131716aus2taiſẜijis;116taiſẜijis;x;x;sijiẜſiat
3;8;1;aus1;ẜataiſẜijis;safe;l;;11;381aus1ẜataiſẜijis;31ẜataiſẜijis;x;x;sijiẜſiataẜ
2;198;4;aus2;ẜataiſẜijis;safe;l;;11;21984aus2ẜataiſẜijis;24ẜataiſẜijis;x;x;sijiẜſiataẜ
1;222;17;peri;ẜataiſẜijis;safe;l;;11;122217periẜataiſẜijis;117ẜataiſẜijis;x;x;sijiẜſiataẜ
1;56;18;aus2;ẜataiſẜijis;safe;l;;11;15618aus2ẜataiſẜijis;118ẜataiſẜijis;x;x;sijiẜſiataẜ
1;532;8;aus2;ißtaiſẜijis;safe;l;;11;15328aus2ißtaiſẜijis;18ißtaiſẜijis;x;x;sijiẜſiatßi
1;358;8;aus2;ißtaiſẜijis;safe;l;;11;13588aus2ißtaiſẜijis;18ißtaiſẜijis;x;x;sijiẜſiatßi
1;314;19;aus2;ißtaiſẜijis;safe;l;;11;131419aus2ißtaiſẜijis;119ißtaiſẜijis;x;x;sijiẜſiatßi
1;58;30;aus2;ißtaiſẜijis;safe;l;;11;15830aus2ißtaiſẜijis;130ißtaiſẜijis;x;x;sijiẜſiatßi
1;67;4;aus2;ustaiſẜijis;safe;l;;11;1674aus2ustaiſẜijis;14ustaiſẜijis;x;x;sijiẜſiatsu
2;182;10;aus2;klauſẜijis;safe;l;;10;218210aus2klauſẜijis;210klauſẜijis;x;x;sijiẜſualk
2;182;4;aus2;klauſẜijis;safe;l;;10;21824aus2klauſẜijis;24klauſẜijis;x;x;sijiẜſualk
1;332;3;aus2;klauſẜijis;safe;l;;10;13323aus2klauſẜijis;13klauſẜijis;x;x;sijiẜſualk
1;247;14;aus2;klauſẜijis;safe;l;;10;124714aus2klauſẜijis;114klauſẜijis;x;x;sijiẜſualk
1;148;10;aus2;klauſẜijis;safe;l;;10;114810aus2klauſẜijis;110klauſẜijis;x;x;sijiẜſualk
1;93;5;aus2;klauſẜijis;safe;l;;10;1935aus2klauſẜijis;15klauſẜijis;x;x;sijiẜſualk
2;214;16;aus2;paklauſẜijis;safe;l;;12;221416aus2paklauſẜijis;216paklauſẜijis;x;x;sijiẜſualkap
2;214;8;aus2;paklauſẜijis;safe;l;;12;22148aus2paklauſẜijis;28paklauſẜijis;x;x;sijiẜſualkap
1;486;2;aus2;paklauſẜijis;safe;l;;12;14862aus2paklauſẜijis;12paklauſẜijis;x;x;sijiẜſualkap
3;83;2;peri;noklauſẜijis;safe;l;;12;3832perinoklauſẜijis;32noklauſẜijis;x;x;sijiẜſualkon
2;100;26;aus1;noklauſẜijis;safe;l;;12;210026aus1noklauſẜijis;226noklauſẜijis;x;x;sijiẜſualkon
1;135;22;aus2;ißklauſẜijis;safe;l;;12;113522aus2ißklauſẜijis;122ißklauſẜijis;x;x;sijiẜſualkßi
2;275;19;aus2;paklauẜijis;safe;l;;11;227519aus2paklauẜijis;219paklauẜijis;x;x;sijiẜualkap
1;101;22;aus2;ißklauẜijis;safe;l;;11;110122aus2ißklauẜijis;122ißklauẜijis;x;x;sijiẜualkßi
1;140;13;aus2;tijis;safe;l;;5;114013aus2tijis;113tijis;x;x;sijit
1;453;1;aus2;ẜkatijis;safe;l;;8;14531aus2ẜkatijis;11ẜkatijis;x;x;sijitakẜ
3;215;19;aus2;ẜwehtijis;safe;l;;9;321519aus2ẜwehtijis;319ẜwehtijis;x;x;sijithewẜ
2;177;23;aus2;ẜwehtijis;safe;l;;9;217723aus2ẜwehtijis;223ẜwehtijis;x;x;sijithewẜ
1;365;1;aus2;ẜwehtijis;safe;l;;9;13651aus2ẜwehtijis;11ẜwehtijis;x;x;sijithewẜ
1;242;9;aus1;ẜwehtijis;safe;l;;9;12429aus1ẜwehtijis;19ẜwehtijis;x;x;sijithewẜ
1;241;24;aus1;ẜwehtijis;safe;l;;9;124124aus1ẜwehtijis;124ẜwehtijis;x;x;sijithewẜ
1;145;25;aus2;ẜwehtijis;safe;l;;9;114525aus2ẜwehtijis;125ẜwehtijis;x;x;sijithewẜ
3;109;4;aus2;ẜuhtijis;safe;l;;8;31094aus2ẜuhtijis;34ẜuhtijis;x;x;sijithuẜ
2;233;28;aus2;ẜuhtijis;safe;l;;8;223328aus2ẜuhtijis;228ẜuhtijis;x;x;sijithuẜ
2;168;4;aus2;ẜuhtijis;safe;l;;8;21684aus2ẜuhtijis;24ẜuhtijis;x;x;sijithuẜ
2;167;27;aus2;ẜuhtijis;safe;l;;8;216727aus2ẜuhtijis;227ẜuhtijis;x;x;sijithuẜ
2;157;1;aus2;ẜuhtijis;safe;l;;8;21571aus2ẜuhtijis;21ẜuhtijis;x;x;sijithuẜ
2;156;25;aus2;ẜuhtijis;safe;l;;8;215625aus2ẜuhtijis;225ẜuhtijis;x;x;sijithuẜ
2;129;3;aus2;ẜuhtijis;safe;l;;8;21293aus2ẜuhtijis;23ẜuhtijis;x;x;sijithuẜ
2;112;28;aus1;ẜuhtijis;safe;l;;8;211228aus1ẜuhtijis;228ẜuhtijis;x;x;sijithuẜ
2;13;14;aus2;ẜuhtijis;safe;l;;8;21314aus2ẜuhtijis;214ẜuhtijis;x;x;sijithuẜ
2;11;24;aus2;ẜuhtijis;safe;l;;8;21124aus2ẜuhtijis;224ẜuhtijis;x;x;sijithuẜ
2;9;15;aus2;ẜuhtijis;safe;l;;8;2915aus2ẜuhtijis;215ẜuhtijis;x;x;sijithuẜ
2;4;7;aus1;ẜuhtijis;safe;l;;8;247aus1ẜuhtijis;27ẜuhtijis;x;x;sijithuẜ
1;543;13;aus1;ẜuhtijis;safe;l;;8;154313aus1ẜuhtijis;113ẜuhtijis;x;x;sijithuẜ
1;542;5;aus1;ẜuhtijis;safe;l;;8;15425aus1ẜuhtijis;15ẜuhtijis;x;x;sijithuẜ
1;540;23;peri;ẜuhtijis;safe;l;;8;154023periẜuhtijis;123ẜuhtijis;x;x;sijithuẜ
1;479;14;aus2;ẜuhtijis;safe;l;;8;147914aus2ẜuhtijis;114ẜuhtijis;x;x;sijithuẜ
1;478;11;aus1;ẜuhtijis;safe;l;;8;147811aus1ẜuhtijis;111ẜuhtijis;x;x;sijithuẜ
1;476;3;peri;ẜuhtijis;safe;l;;8;14763periẜuhtijis;13ẜuhtijis;x;x;sijithuẜ
1;445;16;aus2;ẜuhtijis;safe;l;;8;144516aus2ẜuhtijis;116ẜuhtijis;x;x;sijithuẜ
1;435;20;aus1;ẜuhtijis;safe;l;;8;143520aus1ẜuhtijis;120ẜuhtijis;x;x;sijithuẜ
1;433;12;peri;ẜuhtijis;safe;l;;8;143312periẜuhtijis;112ẜuhtijis;x;x;sijithuẜ
1;415;12;aus2;ẜuhtijis;safe;l;;8;141512aus2ẜuhtijis;112ẜuhtijis;x;x;sijithuẜ
1;383;25;aus2;ẜuhtijis;safe;l;;8;138325aus2ẜuhtijis;125ẜuhtijis;x;x;sijithuẜ
1;369;26;aus1;ẜuhtijis;safe;l;;8;136926aus1ẜuhtijis;126ẜuhtijis;x;x;sijithuẜ
1;363;16;aus2;ẜuhtijis;safe;l;;8;136316aus2ẜuhtijis;116ẜuhtijis;x;x;sijithuẜ
1;346;18;aus2;ẜuhtijis;safe;l;;8;134618aus2ẜuhtijis;118ẜuhtijis;x;x;sijithuẜ
1;274;2;aus2;ẜuhtijis;safe;l;;8;12742aus2ẜuhtijis;12ẜuhtijis;x;x;sijithuẜ
1;87;4;aus1;ẜuhtijis;safe;l;;8;1874aus1ẜuhtijis;14ẜuhtijis;x;x;sijithuẜ
1;81;15;aus2;ẜuhtijis;safe;l;;8;18115aus2ẜuhtijis;115ẜuhtijis;x;x;sijithuẜ
1;53;14;aus2;ẜuhtijis;safe;l;;8;15314aus2ẜuhtijis;114ẜuhtijis;x;x;sijithuẜ
1;52;8;aus1;ẜuhtijis;safe;l;;8;1528aus1ẜuhtijis;18ẜuhtijis;x;x;sijithuẜ
1;51;6;aus1;ẜuhtijis;safe;l;;8;1516aus1ẜuhtijis;16ẜuhtijis;x;x;sijithuẜ
1;51;3;aus1;ẜuhtijis;safe;l;;8;1513aus1ẜuhtijis;13ẜuhtijis;x;x;sijithuẜ
1;526;9;peri;ẜuhtijis;safe;l;;8;15269periẜuhtijis;19ẜuhtijis;x;x;sijithuẜ
1;162;14;aus2;ẜuhtijis;safe;l;;;116214aus2ẜuhtijis;114ẜuhtijis;x;x;sijithuẜ
2;288;28;aus2;ẜuhtijis;safe;l;;8;228828aus2ẜuhtijis;228ẜuhtijis;x;x;sijithuẜ
2;331;24;aus2;ẜuhtijis;safe;l;;8;233124aus2ẜuhtijis;224ẜuhtijis;x;x;sijithuẜ
1;465;15;aus2;pee⸗ẜuhtijis;safe;l;;12;146515aus2pee⸗ẜuhtijis;115pee⸗ẜuhtijis;x;x;sijithuẜ⸗eep
1;136;16;aus2;pee⸗ẜuhtijis;safe;l;;12;113616aus2pee⸗ẜuhtijis;116pee⸗ẜuhtijis;x;x;sijithuẜ⸗eep
1;162;14;aus2;iß⸗ẜuhtijis;unsafe;l;;11;116214aus2iß⸗ẜuhtijis;114iß⸗ẜuhtijis;x;x;sijithuẜ⸗ßi
1;242;8;aus1;iß⸗ẜuhtijis;safe;l;;11;12428aus1iß⸗ẜuhtijis;18iß⸗ẜuhtijis;x;x;sijithuẜ⸗ßi
1;162;14;aus2;iß⸗ẜuhtijis;safe;l;;11;116214aus2iß⸗ẜuhtijis;114iß⸗ẜuhtijis;x;x;sijithuẜ⸗ßi
1;135;28;aus2;us⸗ẜuhtijis;safe;l;;11;113528aus2us⸗ẜuhtijis;128us⸗ẜuhtijis;x;x;sijithuẜ⸗su
1;441;25;aus2;peeẜuhtijis;safe;l;;11;144125aus2peeẜuhtijis;125peeẜuhtijis;x;x;sijithuẜeep
3;96;8;aus2;noẜuhtijis;safe;l;;10;3968aus2noẜuhtijis;38noẜuhtijis;x;x;sijithuẜon
3;83;5;peri;noẜuhtijis;safe;l;;10;3835perinoẜuhtijis;35noẜuhtijis;x;x;sijithuẜon
3;35;2;peri;noẜuhtijis;safe;l;;10;3352perinoẜuhtijis;32noẜuhtijis;x;x;sijithuẜon
1;29;24;aus1;noẜuhtijis;safe;l;;10;12924aus1noẜuhtijis;124noẜuhtijis;x;x;sijithuẜon
1;26;10;intr;noẜuhtijis;safe;l;;10;12610intrnoẜuhtijis;110noẜuhtijis;x;x;sijithuẜon
2;127;11;aus2;ſkaitijis;safe;l;;9;212711aus2ſkaitijis;211ſkaitijis;x;x;sijitiakſ
1;518;30;aus2;ſkaitijis;safe;l;;9;151830aus2ſkaitijis;130ſkaitijis;x;x;sijitiakſ
1;364;31;aus2;ſchkieſtijis;safe;l;;12;136431aus2ſchkieſtijis;131ſchkieſtijis;x;x;sijitſeikhcſ
1;358;6;aus2;ſchkieſtijis;safe;l;;12;13586aus2ſchkieſtijis;16ſchkieſtijis;x;x;sijitſeikhcſ
1;97;29;aus2;ſchkieſtijis;safe;l;;12;19729aus2ſchkieſtijis;129ſchkieſtijis;x;x;sijitſeikhcſ
3;214;19;aus2;peſtijis;safe;l;;8;321419aus2peſtijis;319peſtijis;x;x;sijitſep
3;183;25;aus2;peſtijis;safe;l;;8;318325aus2peſtijis;325peſtijis;x;x;sijitſep
3;100;2;aus2;peſtijis;safe;l;;8;31002aus2peſtijis;32peſtijis;x;x;sijitſep
3;38;17;aus1;peſtijis;safe;l;;8;33817aus1peſtijis;317peſtijis;x;x;sijitſep
2;207;31;aus2;peſtijis;safe;l;;8;220731aus2peſtijis;231peſtijis;x;x;sijitſep
2;52;24;aus2;peſtijis;safe;l;;8;25224aus2peſtijis;224peſtijis;x;x;sijitſep
2;43;20;peri;peſtijis;safe;l;;8;24320peripeſtijis;220peſtijis;x;x;sijitſep
1;485;11;aus2;peſtijis;safe;l;;8;148511aus2peſtijis;111peſtijis;x;x;sijitſep
1;401;28;aus2;peſtijis;safe;l;;8;140128aus2peſtijis;128peſtijis;x;x;sijitſep
1;235;14;aus2;peſtijis;safe;l;;8;123514aus2peſtijis;114peſtijis;x;x;sijitſep
1;196;24;aus2;peſtijis;safe;l;;8;119624aus2peſtijis;124peſtijis;x;x;sijitſep
1;192;12;aus2;peſtijis;safe;l;;8;119212aus2peſtijis;112peſtijis;x;x;sijitſep
1;173;2;aus1;peſtijis;safe;l;;8;11732aus1peſtijis;12peſtijis;x;x;sijitſep
1;172;29;aus1;peſtijis;safe;l;;8;117229aus1peſtijis;129peſtijis;x;x;sijitſep
1;98;9;aus2;peſtijis;safe;l;;8;1989aus2peſtijis;19peſtijis;x;x;sijitſep
1;91;27;aus2;peſtijis;safe;l;;8;19127aus2peſtijis;127peſtijis;x;x;sijitſep
1;56;2;aus2;peſtijis;safe;l;;8;1562aus2peſtijis;12peſtijis;x;x;sijitſep
2;261;29;aus2;peſtijis;safe;l;;8;226129aus2peſtijis;229peſtijis;x;x;sijitſep
2;288;28;aus2;peſtijis;safe;l;;8;228828aus2peſtijis;228peſtijis;x;x;sijitſep
2;332;28;aus2;atpeſtijis;safe;l;;10;233228aus2atpeſtijis;228atpeſtijis;x;x;sijitſepta
3;184;8;aus2;attpeſtijis;safe;l;;11;31848aus2attpeſtijis;38attpeſtijis;x;x;sijitſeptta
3;162;5;aus2;attpeſtijis;safe;l;;11;31625aus2attpeſtijis;35attpeſtijis;x;x;sijitſeptta
3;162;2;aus2;attpeſtijis;safe;l;;11;31622aus2attpeſtijis;32attpeſtijis;x;x;sijitſeptta
3;109;14;aus2;attpeſtijis;safe;l;;11;310914aus2attpeſtijis;314attpeſtijis;x;x;sijitſeptta
3;24;25;aus2;attpeſtijis;safe;l;;11;32425aus2attpeſtijis;325attpeſtijis;x;x;sijitſeptta
2;225;15;aus1;attpeſtijis;safe;l;;11;222515aus1attpeſtijis;215attpeſtijis;x;x;sijitſeptta
2;157;29;aus2;attpeſtijis;safe;l;;11;215729aus2attpeſtijis;229attpeſtijis;x;x;sijitſeptta
2;56;30;aus2;attpeſtijis;safe;l;;11;25630aus2attpeſtijis;230attpeſtijis;x;x;sijitſeptta
2;56;26;aus2;attpeſtijis;safe;l;;11;25626aus2attpeſtijis;226attpeſtijis;x;x;sijitſeptta
2;56;22;aus2;attpeſtijis;safe;l;;11;25622aus2attpeſtijis;222attpeſtijis;x;x;sijitſeptta
2;54;27;aus2;attpeſtijis;safe;l;;11;25427aus2attpeſtijis;227attpeſtijis;x;x;sijitſeptta
1;543;14;aus1;attpeſtijis;safe;l;;11;154314aus1attpeſtijis;114attpeſtijis;x;x;sijitſeptta
1;510;24;aus2;attpeſtijis;safe;l;;11;151024aus2attpeſtijis;124attpeſtijis;x;x;sijitſeptta
1;448;26;aus1;attpeſtijis;safe;l;;11;144826aus1attpeſtijis;126attpeſtijis;x;x;sijitſeptta
1;401;24;aus2;attpeſtijis;safe;l;;11;140124aus2attpeſtijis;124attpeſtijis;x;x;sijitſeptta
1;349;28;aus2;attpeſtijis;safe;l;;11;134928aus2attpeſtijis;128attpeſtijis;x;x;sijitſeptta
1;341;17;aus1;attpeſtijis;safe;l;;11;134117aus1attpeſtijis;117attpeſtijis;x;x;sijitſeptta
1;268;15;aus1;attpeſtijis;safe;l;;11;126815aus1attpeſtijis;115attpeſtijis;x;x;sijitſeptta
1;56;31;aus2;attpeſtijis;safe;l;;11;15631aus2attpeſtijis;131attpeſtijis;x;x;sijitſeptta
1;29;27;aus1;attpeſtijis;safe;l;;11;12927aus1attpeſtijis;127attpeſtijis;x;x;sijitſeptta
2;340;13;aus2;attpeſtijis;safe;l;;11;234013aus2attpeſtijis;213attpeſtijis;x;x;sijitſeptta
2;157;9;aus2;ſtahſtijis;safe;l;;10;21579aus2ſtahſtijis;29ſtahſtijis;x;x;sijitſhatſ
1;3;31;aus1;ſtahſtijis;safe;l;;10;1331aus1ſtahſtijis;131ſtahſtijis;x;x;sijitſhatſ
2;12;8;aus2;iß⸗ſtahſtijis;safe;l;;13;2128aus2iß⸗ſtahſtijis;28iß⸗ſtahſtijis;x;x;sijitſhatſ⸗ßi
2;239;30;aus2;ißſtahſtijis;safe;l;;12;223930aus2ißſtahſtijis;230ißſtahſtijis;x;x;sijitſhatſßi
2;154;27;aus2;dehſtijis;safe;l;;9;215427aus2dehſtijis;227dehſtijis;x;x;sijitſhed
2;128;13;aus2;dehſtijis;safe;l;;9;212813aus2dehſtijis;213dehſtijis;x;x;sijitſhed
1;305;22;aus2;iß⸗pohſtijis;safe;l;;12;130522aus2iß⸗pohſtijis;122iß⸗pohſtijis;x;x;sijitſhop⸗ßi
1;169;7;aus2;iß⸗pohſtijis;safe;l;;12;11697aus2iß⸗pohſtijis;17iß⸗pohſtijis;x;x;sijitſhop⸗ßi
2;170;12;peri;ißpohſtijis;safe;l;;11;217012periißpohſtijis;212ißpohſtijis;x;x;sijitſhopßi
1;184;2;aus2;ißpohſtijis;safe;l;;11;11842aus2ißpohſtijis;12ißpohſtijis;x;x;sijitſhopßi
1;300;10;aus2;ẜaiſtijis;safe;l;;9;130010aus2ẜaiſtijis;110ẜaiſtijis;x;x;sijitſiaẜ
2;45;15;aus1;Chriſtijis;safe;u;;10;24515aus1Chriſtijis;215Chriſtijis;x;x;sijitſirhC
2;45;5;aus1;Chriſtijis;safe;u;;10;2455aus1Chriſtijis;25Chriſtijis;x;x;sijitſirhC
2;42;4;intr;Chriſtijis;safe;u;;10;2424intrChriſtijis;24Chriſtijis;x;x;sijitſirhC
1;144;12;aus2;Chriſtijis;safe;u;;10;114412aus2Chriſtijis;112Chriſtijis;x;x;sijitſirhC
1;28;27;aus1;Chriſtijis;safe;u;;10;12827aus1Chriſtijis;127Chriſtijis;x;x;sijitſirhC
1;26;9;intr;Chriſtijis;safe;u;;10;1269intrChriſtijis;19Chriſtijis;x;x;sijitſirhC
1;204;31;aus2;bahrſtijis;safe;l;;10;120431aus2bahrſtijis;131bahrſtijis;x;x;sijitſrhab
1;207;6;aus2;iß⸗bahrſtijis;safe;l;;13;12076aus2iß⸗bahrſtijis;16iß⸗bahrſtijis;x;x;sijitſrhab⸗ßi
1;200;23;aus1;iß⸗bahrſtijis;safe;l;;13;120023aus1iß⸗bahrſtijis;123iß⸗bahrſtijis;x;x;sijitſrhab⸗ßi
3;55;15;aus2;ẜarauſtijis;safe;l;;11;35515aus2ẜarauſtijis;315ẜarauſtijis;x;x;sijitſuaraẜ
1;318;27;aus2;ais⸗baxtijis;safe;l;;12;131827aus2ais⸗baxtijis;127ais⸗baxtijis;x;x;sijitxab⸗sia
3;153;29;aus2;raxtijis;safe;l;;8;315329aus2raxtijis;329raxtijis;x;x;sijitxar
3;153;28;aus2;raxtijis;safe;l;;8;315328aus2raxtijis;328raxtijis;x;x;sijitxar
3;153;20;aus2;raxtijis;safe;l;;8;315320aus2raxtijis;320raxtijis;x;x;sijitxar
3;24;3;aus2;raxtijis;safe;l;;8;3243aus2raxtijis;33raxtijis;x;x;sijitxar
1;192;28;aus2;ee⸗raxtijis;safe;l;;11;119228aus2ee⸗raxtijis;128ee⸗raxtijis;x;x;sijitxar⸗ee
2;45;21;aus1;apraxtijis;safe;l;;10;24521aus1apraxtijis;221apraxtijis;x;x;sijitxarpa
3;166;14;aus1;usraxtijis;safe;l;;10;316614aus1usraxtijis;314usraxtijis;x;x;sijitxarsu
1;527;5;peri;ẜayijis;safe;l;;7;15275periẜayijis;15ẜayijis;x;x;sijiyaẜ
3;127;4;aus2;ʒijis;safe;l;;5;31274aus2ʒijis;34ʒijis;x;x;sijiʒ
3;42;18;aus2;ʒijis;safe;l;;5;34218aus2ʒijis;318ʒijis;x;x;sijiʒ
2;240;1;aus2;ʒijis;safe;l;;5;22401aus2ʒijis;21ʒijis;x;x;sijiʒ
1;483;28;aus2;ʒijis;safe;l;;5;148328aus2ʒijis;128ʒijis;x;x;sijiʒ
1;212;20;aus2;ʒijis;safe;l;;5;121220aus2ʒijis;120ʒijis;x;x;sijiʒ
1;160;8;aus2;ʒijis;safe;l;;5;11608aus2ʒijis;18ʒijis;x;x;sijiʒ
1;44;15;aus2;ʒijis;safe;l;;5;14415aus2ʒijis;115ʒijis;x;x;sijiʒ
3;160;22;aus2;mahʒijis;safe;l;;8;316022aus2mahʒijis;322mahʒijis;x;x;sijiʒham
3;94;20;aus2;mahʒijis;safe;l;;8;39420aus2mahʒijis;320mahʒijis;x;x;sijiʒham
3;82;3;peri;mahʒijis;safe;l;;8;3823perimahʒijis;33mahʒijis;x;x;sijiʒham
3;42;8;aus2;mahʒijis;safe;l;;8;3428aus2mahʒijis;38mahʒijis;x;x;sijiʒham
3;42;3;aus2;mahʒijis;safe;l;;8;3423aus2mahʒijis;33mahʒijis;x;x;sijiʒham
3;41;30;aus2;mahʒijis;safe;l;;8;34130aus2mahʒijis;330mahʒijis;x;x;sijiʒham
3;34;16;peri;mahʒijis;safe;l;;8;33416perimahʒijis;316mahʒijis;x;x;sijiʒham
3;34;15;peri;mahʒijis;safe;l;;8;33415perimahʒijis;315mahʒijis;x;x;sijiʒham
2;165;9;aus2;mahʒijis;safe;l;;8;21659aus2mahʒijis;29mahʒijis;x;x;sijiʒham
2;165;3;aus2;mahʒijis;safe;l;;8;21653aus2mahʒijis;23mahʒijis;x;x;sijiʒham
2;159;4;aus1;mahʒijis;safe;l;;8;21594aus1mahʒijis;24mahʒijis;x;x;sijiʒham
2;104;9;aus2;mahʒijis;safe;l;;8;21049aus2mahʒijis;29mahʒijis;x;x;sijiʒham
2;92;9;aus2;mahʒijis;safe;l;;8;2929aus2mahʒijis;29mahʒijis;x;x;sijiʒham
2;82;30;aus2;mahʒijis;safe;l;;8;28230aus2mahʒijis;230mahʒijis;x;x;sijiʒham
2;11;16;aus2;mahʒijis;safe;l;;8;21116aus2mahʒijis;216mahʒijis;x;x;sijiʒham
2;3;16;aus1;mahʒijis;safe;l;;8;2316aus1mahʒijis;216mahʒijis;x;x;sijiʒham
1;489;19;aus1;mahʒijis;safe;l;;8;148919aus1mahʒijis;119mahʒijis;x;x;sijiʒham
1;479;22;aus2;mahʒijis;safe;l;;8;147922aus2mahʒijis;122mahʒijis;x;x;sijiʒham
1;478;4;aus1;mahʒijis;safe;l;;8;14784aus1mahʒijis;14mahʒijis;x;x;sijiʒham
1;428;3;aus2;mahʒijis;safe;l;;8;14283aus2mahʒijis;13mahʒijis;x;x;sijiʒham
1;383;24;aus2;mahʒijis;safe;l;;8;138324aus2mahʒijis;124mahʒijis;x;x;sijiʒham
1;359;16;aus2;mahʒijis;safe;l;;8;135916aus2mahʒijis;116mahʒijis;x;x;sijiʒham
1;288;20;aus2;mahʒijis;safe;l;;8;128820aus2mahʒijis;120mahʒijis;x;x;sijiʒham
1;235;21;aus2;mahʒijis;safe;l;;8;123521aus2mahʒijis;121mahʒijis;x;x;sijiʒham
1;206;10;aus2;mahʒijis;safe;l;;8;120610aus2mahʒijis;110mahʒijis;x;x;sijiʒham
1;185;21;aus2;mahʒijis;safe;l;;8;118521aus2mahʒijis;121mahʒijis;x;x;sijiʒham
1;173;26;aus2;mahʒijis;safe;l;;8;117326aus2mahʒijis;126mahʒijis;x;x;sijiʒham
1;159;12;aus2;mahʒijis;safe;l;;8;115912aus2mahʒijis;112mahʒijis;x;x;sijiʒham
1;133;2;aus2;mahʒijis;safe;l;;8;11332aus2mahʒijis;12mahʒijis;x;x;sijiʒham
1;94;15;aus2;mahʒijis;safe;l;;8;19415aus2mahʒijis;115mahʒijis;x;x;sijiʒham
1;93;4;aus2;mahʒijis;safe;l;;8;1934aus2mahʒijis;14mahʒijis;x;x;sijiʒham
1;34;1;aus2;mahʒijis;safe;l;;8;1341aus2mahʒijis;11mahʒijis;x;x;sijiʒham
2;307;22;intr;mahʒijis;safe;l;;8;230722intrmahʒijis;222mahʒijis;x;x;sijiʒham
1;190;23;aus2;pahmahʒijis;safe;l;;11;119023aus2pahmahʒijis;123pahmahʒijis;x;x;sijiʒhamhap
2;119;19;aus2;pahrmahʒijis;safe;l;;12;211919aus2pahrmahʒijis;219pahrmahʒijis;x;x;sijiʒhamrhap
1;357;22;aus2;ißmahʒijis;safe;l;;10;135722aus2ißmahʒijis;122ißmahʒijis;x;x;sijiʒhamßi
1;433;13;peri;tʒijis;safe;l;;6;143313peritʒijis;113tʒijis;x;x;sijiʒt
3;196;28;aus1;ẜatʒijis;safe;l;;8;319628aus1ẜatʒijis;328ẜatʒijis;x;x;sijiʒtaẜ
3;182;11;aus2;ẜatʒijis;safe;l;;8;318211aus2ẜatʒijis;311ẜatʒijis;x;x;sijiʒtaẜ
3;173;21;aus2;ẜatʒijis;safe;l;;8;317321aus2ẜatʒijis;321ẜatʒijis;x;x;sijiʒtaẜ
3;153;26;aus2;ẜatʒijis;safe;l;;8;315326aus2ẜatʒijis;326ẜatʒijis;x;x;sijiʒtaẜ
3;141;21;peri;ẜatʒijis;safe;l;;8;314121periẜatʒijis;321ẜatʒijis;x;x;sijiʒtaẜ
3;136;4;aus2;ẜatʒijis;safe;l;;8;31364aus2ẜatʒijis;34ẜatʒijis;x;x;sijiʒtaẜ
3;135;2;aus2;ẜatʒijis;safe;l;;8;31352aus2ẜatʒijis;32ẜatʒijis;x;x;sijiʒtaẜ
3;122;30;aus2;ẜatʒijis;safe;l;;8;312230aus2ẜatʒijis;330ẜatʒijis;x;x;sijiʒtaẜ
3;94;5;aus2;ẜatʒijis;safe;l;;8;3945aus2ẜatʒijis;35ẜatʒijis;x;x;sijiʒtaẜ
3;81;18;peri;ẜatʒijis;safe;l;;8;38118periẜatʒijis;318ẜatʒijis;x;x;sijiʒtaẜ
3;68;20;aus1;ẜatʒijis;safe;l;;8;36820aus1ẜatʒijis;320ẜatʒijis;x;x;sijiʒtaẜ
3;68;10;aus1;ẜatʒijis;safe;l;;8;36810aus1ẜatʒijis;310ẜatʒijis;x;x;sijiʒtaẜ
3;67;23;aus1;ẜatʒijis;safe;l;;8;36723aus1ẜatʒijis;323ẜatʒijis;x;x;sijiʒtaẜ
3;64;23;aus1;ẜatʒijis;safe;l;;8;36423aus1ẜatʒijis;323ẜatʒijis;x;x;sijiʒtaẜ
3;64;3;aus1;ẜatʒijis;safe;l;;8;3643aus1ẜatʒijis;33ẜatʒijis;x;x;sijiʒtaẜ
3;48;28;aus2;ẜatʒijis;safe;l;;8;34828aus2ẜatʒijis;328ẜatʒijis;x;x;sijiʒtaẜ
3;44;25;aus2;ẜatʒijis;safe;l;;8;34425aus2ẜatʒijis;325ẜatʒijis;x;x;sijiʒtaẜ
3;44;21;aus2;ẜatʒijis;safe;l;;8;34421aus2ẜatʒijis;321ẜatʒijis;x;x;sijiʒtaẜ
3;43;9;aus2;ẜatʒijis;safe;l;;8;3439aus2ẜatʒijis;39ẜatʒijis;x;x;sijiʒtaẜ
3;42;13;aus2;ẜatʒijis;safe;l;;8;34213aus2ẜatʒijis;313ẜatʒijis;x;x;sijiʒtaẜ
3;40;21;aus2;ẜatʒijis;safe;l;;8;34021aus2ẜatʒijis;321ẜatʒijis;x;x;sijiʒtaẜ
3;34;20;peri;ẜatʒijis;safe;l;;8;33420periẜatʒijis;320ẜatʒijis;x;x;sijiʒtaẜ
3;26;7;aus2;ẜatʒijis;safe;l;;8;3267aus2ẜatʒijis;37ẜatʒijis;x;x;sijiʒtaẜ
3;9;1;aus2;ẜatʒijis;safe;l;;8;391aus2ẜatʒijis;31ẜatʒijis;x;x;sijiʒtaẜ
2;231;6;aus2;ẜatʒijis;safe;l;;8;22316aus2ẜatʒijis;26ẜatʒijis;x;x;sijiʒtaẜ
2;190;7;aus2;ẜatʒijis;safe;l;;8;21907aus2ẜatʒijis;27ẜatʒijis;x;x;sijiʒtaẜ
2;190;2;aus2;ẜatʒijis;safe;l;;8;21902aus2ẜatʒijis;22ẜatʒijis;x;x;sijiʒtaẜ
2;187;15;aus1;ẜatʒijis;safe;l;;8;218715aus1ẜatʒijis;215ẜatʒijis;x;x;sijiʒtaẜ
2;185;4;intr;ẜatʒijis;safe;l;;8;21854intrẜatʒijis;24ẜatʒijis;x;x;sijiʒtaẜ
2;176;22;aus2;ẜatʒijis;safe;l;;8;217622aus2ẜatʒijis;222ẜatʒijis;x;x;sijiʒtaẜ
2;161;5;aus2;ẜatʒijis;safe;l;;8;21615aus2ẜatʒijis;25ẜatʒijis;x;x;sijiʒtaẜ
2;101;28;aus2;ẜatʒijis;safe;l;;8;210128aus2ẜatʒijis;228ẜatʒijis;x;x;sijiʒtaẜ
2;89;7;aus2;ẜatʒijis;safe;l;;8;2897aus2ẜatʒijis;27ẜatʒijis;x;x;sijiʒtaẜ
2;88;29;aus2;ẜatʒijis;safe;l;;8;28829aus2ẜatʒijis;229ẜatʒijis;x;x;sijiʒtaẜ
2;53;26;aus2;ẜatʒijis;safe;l;;8;25326aus2ẜatʒijis;226ẜatʒijis;x;x;sijiʒtaẜ
2;47;5;aus2;ẜatʒijis;safe;l;;8;2475aus2ẜatʒijis;25ẜatʒijis;x;x;sijiʒtaẜ
2;45;9;aus1;ẜatʒijis;safe;l;;8;2459aus1ẜatʒijis;29ẜatʒijis;x;x;sijiʒtaẜ
2;20;23;aus2;ẜatʒijis;safe;l;;8;22023aus2ẜatʒijis;223ẜatʒijis;x;x;sijiʒtaẜ
2;13;30;aus2;ẜatʒijis;safe;l;;8;21330aus2ẜatʒijis;230ẜatʒijis;x;x;sijiʒtaẜ
2;2;16;peri;ẜatʒijis;safe;l;;8;2216periẜatʒijis;216ẜatʒijis;x;x;sijiʒtaẜ
1;516;13;aus1;ẜatʒijis;safe;l;;8;151613aus1ẜatʒijis;113ẜatʒijis;x;x;sijiʒtaẜ
1;515;11;peri;ẜatʒijis;safe;l;;8;151511periẜatʒijis;111ẜatʒijis;x;x;sijiʒtaẜ
1;515;10;peri;ẜatʒijis;safe;l;;8;151510periẜatʒijis;110ẜatʒijis;x;x;sijiʒtaẜ
1;515;3;peri;ẜatʒijis;safe;l;;8;15153periẜatʒijis;13ẜatʒijis;x;x;sijiʒtaẜ
1;506;16;aus2;ẜatʒijis;safe;l;;8;150616aus2ẜatʒijis;116ẜatʒijis;x;x;sijiʒtaẜ
1;490;18;aus2;ẜatʒijis;safe;l;;8;149018aus2ẜatʒijis;118ẜatʒijis;x;x;sijiʒtaẜ
1;485;28;aus2;ẜatʒijis;safe;l;;8;148528aus2ẜatʒijis;128ẜatʒijis;x;x;sijiʒtaẜ
1;480;12;aus2;ẜatʒijis;safe;l;;8;148012aus2ẜatʒijis;112ẜatʒijis;x;x;sijiʒtaẜ
1;479;16;aus2;ẜatʒijis;safe;l;;8;147916aus2ẜatʒijis;116ẜatʒijis;x;x;sijiʒtaẜ
1;477;11;peri;ẜatʒijis;safe;l;;8;147711periẜatʒijis;111ẜatʒijis;x;x;sijiʒtaẜ
1;462;9;peri;ẜatʒijis;safe;l;;8;14629periẜatʒijis;19ẜatʒijis;x;x;sijiʒtaẜ
1;433;8;peri;ẜatʒijis;safe;l;;8;14338periẜatʒijis;18ẜatʒijis;x;x;sijiʒtaẜ
1;406;25;aus1;ẜatʒijis;safe;l;;8;140625aus1ẜatʒijis;125ẜatʒijis;x;x;sijiʒtaẜ
1;406;16;peri;ẜatʒijis;safe;l;;8;140616periẜatʒijis;116ẜatʒijis;x;x;sijiʒtaẜ
1;384;22;aus2;ẜatʒijis;safe;l;;8;138422aus2ẜatʒijis;122ẜatʒijis;x;x;sijiʒtaẜ
1;383;22;aus2;ẜatʒijis;safe;l;;8;138322aus2ẜatʒijis;122ẜatʒijis;x;x;sijiʒtaẜ
1;362;24;aus2;ẜatʒijis;safe;l;;8;136224aus2ẜatʒijis;124ẜatʒijis;x;x;sijiʒtaẜ
1;360;31;aus2;ẜatʒijis;safe;l;;8;136031aus2ẜatʒijis;131ẜatʒijis;x;x;sijiʒtaẜ
1;360;21;aus2;ẜatʒijis;safe;l;;8;136021aus2ẜatʒijis;121ẜatʒijis;x;x;sijiʒtaẜ
1;360;17;aus2;ẜatʒijis;safe;l;;8;136017aus2ẜatʒijis;117ẜatʒijis;x;x;sijiʒtaẜ
1;359;26;aus2;ẜatʒijis;safe;l;;8;135926aus2ẜatʒijis;126ẜatʒijis;x;x;sijiʒtaẜ
1;354;24;peri;ẜatʒijis;safe;l;;8;135424periẜatʒijis;124ẜatʒijis;x;x;sijiʒtaẜ
1;343;12;aus2;ẜatʒijis;safe;l;;8;134312aus2ẜatʒijis;112ẜatʒijis;x;x;sijiʒtaẜ
1;299;25;aus2;ẜatʒijis;safe;l;;8;129925aus2ẜatʒijis;125ẜatʒijis;x;x;sijiʒtaẜ
1;291;17;aus2;ẜatʒijis;safe;l;;8;129117aus2ẜatʒijis;117ẜatʒijis;x;x;sijiʒtaẜ
1;290;22;aus2;ẜatʒijis;safe;l;;8;129022aus2ẜatʒijis;122ẜatʒijis;x;x;sijiʒtaẜ
1;287;26;aus2;ẜatʒijis;safe;l;;8;128726aus2ẜatʒijis;126ẜatʒijis;x;x;sijiʒtaẜ
1;275;11;aus2;ẜatʒijis;safe;l;;8;127511aus2ẜatʒijis;111ẜatʒijis;x;x;sijiʒtaẜ
1;272;7;aus2;ẜatʒijis;safe;l;;8;12727aus2ẜatʒijis;17ẜatʒijis;x;x;sijiʒtaẜ
1;271;30;aus2;ẜatʒijis;safe;l;;8;127130aus2ẜatʒijis;130ẜatʒijis;x;x;sijiʒtaẜ
1;260;21;aus2;ẜatʒijis;safe;l;;8;126021aus2ẜatʒijis;121ẜatʒijis;x;x;sijiʒtaẜ
1;222;14;peri;ẜatʒijis;safe;l;;8;122214periẜatʒijis;114ẜatʒijis;x;x;sijiʒtaẜ
1;194;23;aus2;ẜatʒijis;safe;l;;8;119423aus2ẜatʒijis;123ẜatʒijis;x;x;sijiʒtaẜ
1;100;7;peri;ẜatʒijis;safe;l;;8;11007periẜatʒijis;17ẜatʒijis;x;x;sijiʒtaẜ
1;52;21;aus1;ẜatʒijis;safe;l;;8;15221aus1ẜatʒijis;121ẜatʒijis;x;x;sijiʒtaẜ
1;44;2;aus2;ẜatʒijis;safe;l;;8;1442aus2ẜatʒijis;12ẜatʒijis;x;x;sijiʒtaẜ
1;40;28;aus2;ẜatʒijis;safe;l;;8;14028aus2ẜatʒijis;128ẜatʒijis;x;x;sijiʒtaẜ
1;38;5;peri;ẜatʒijis;safe;l;;8;1385periẜatʒijis;15ẜatʒijis;x;x;sijiʒtaẜ
1;35;23;aus2;ẜatʒijis;safe;l;;8;13523aus2ẜatʒijis;123ẜatʒijis;x;x;sijiʒtaẜ
1;30;30;aus2;ẜatʒijis;safe;l;;8;13030aus2ẜatʒijis;130ẜatʒijis;x;x;sijiʒtaẜ
1;30;21;aus2;ẜatʒijis;safe;l;;8;13021aus2ẜatʒijis;121ẜatʒijis;x;x;sijiʒtaẜ
1;526;7;peri;ẜatʒijis;safe;l;;8;15267periẜatʒijis;17ẜatʒijis;x;x;sijiʒtaẜ
1;527;7;peri;ẜatʒijis;safe;l;;;15277periẜatʒijis;17ẜatʒijis;x;x;sijiʒtaẜ
1;527;9;peri;ẜatʒijis;safe;l;;;15279periẜatʒijis;19ẜatʒijis;x;x;sijiʒtaẜ
1;526;14;peri;ẜatʒijis;safe;l;;8;152614periẜatʒijis;114ẜatʒijis;x;x;sijiʒtaẜ
2;329;25;aus2;ẜatʒijis;safe;l;;8;232925aus2ẜatʒijis;225ẜatʒijis;x;x;sijiʒtaẜ
3;65;3;aus1;iß⸗ẜatʒijis;safe;l;;11;3653aus1iß⸗ẜatʒijis;33iß⸗ẜatʒijis;x;x;sijiʒtaẜ⸗ßi
1;423;18;aus2;iß⸗ẜatʒijis;safe;l;;11;142318aus2iß⸗ẜatʒijis;118iß⸗ẜatʒijis;x;x;sijiʒtaẜ⸗ßi
2;53;10;aus2;us⸗ẜatʒijis;safe;l;;11;25310aus2us⸗ẜatʒijis;210us⸗ẜatʒijis;x;x;sijiʒtaẜ⸗su
1;18;24;aus2;peeẜatʒijis;safe;l;;11;11824aus2peeẜatʒijis;124peeẜatʒijis;x;x;sijiʒtaẜeep
3;205;5;aus2;noẜatʒijis;safe;l;;10;32055aus2noẜatʒijis;35noẜatʒijis;x;x;sijiʒtaẜon
1;543;1;aus1;bojis;safe;l;;5;15431aus1bojis;11bojis;x;x;sijob
2;234;12;aus2;ghlabbojis;safe;l;;10;223412aus2ghlabbojis;212ghlabbojis;x;x;sijobbalhg
1;165;28;aus2;ghlabbojis;safe;l;;10;116528aus2ghlabbojis;128ghlabbojis;x;x;sijobbalhg
2;177;22;aus2;apghlabbojis;safe;l;;12;217722aus2apghlabbojis;222apghlabbojis;x;x;sijobbalhgpa
2;129;24;aus2;mahjojis;safe;l;;8;212924aus2mahjojis;224mahjojis;x;x;sijojham
2;100;25;aus1;ſweijojis;safe;l;;9;210025aus1ſweijojis;225ſweijojis;x;x;sijojiewſ
2;183;4;aus2;kojis;safe;l;;5;21834aus2kojis;24kojis;x;x;sijok
2;49;15;aus2;kojis;safe;l;;5;24915aus2kojis;215kojis;x;x;sijok
3;213;18;aus2;ghraͤkojis;safe;l;;10;321318aus2ghraͤkojis;318ghraͤkojis;x;x;sijokͤarhg
3;177;25;aus2;ghraͤkojis;safe;l;;10;317725aus2ghraͤkojis;325ghraͤkojis;x;x;sijokͤarhg
3;131;2;aus2;ghraͤkojis;safe;l;;10;31312aus2ghraͤkojis;32ghraͤkojis;x;x;sijokͤarhg
3;129;12;aus2;ghraͤkojis;safe;l;;10;312912aus2ghraͤkojis;312ghraͤkojis;x;x;sijokͤarhg
3;122;2;aus2;ghraͤkojis;safe;l;;10;31222aus2ghraͤkojis;32ghraͤkojis;x;x;sijokͤarhg
3;115;7;aus2;ghraͤkojis;safe;l;;10;31157aus2ghraͤkojis;37ghraͤkojis;x;x;sijokͤarhg
3;77;5;aus1;ghraͤkojis;safe;l;;10;3775aus1ghraͤkojis;35ghraͤkojis;x;x;sijokͤarhg
3;75;31;aus1;ghraͤkojis;safe;l;;10;37531aus1ghraͤkojis;331ghraͤkojis;x;x;sijokͤarhg
3;74;21;aus1;ghraͤkojis;safe;l;;10;37421aus1ghraͤkojis;321ghraͤkojis;x;x;sijokͤarhg
3;73;5;aus1;ghraͤkojis;safe;l;;10;3735aus1ghraͤkojis;35ghraͤkojis;x;x;sijokͤarhg
3;68;23;aus1;ghraͤkojis;safe;l;;10;36823aus1ghraͤkojis;323ghraͤkojis;x;x;sijokͤarhg
3;66;31;aus1;ghraͤkojis;safe;l;;10;36631aus1ghraͤkojis;331ghraͤkojis;x;x;sijokͤarhg
2;248;8;aus2;ghraͤkojis;safe;l;;10;22488aus2ghraͤkojis;28ghraͤkojis;x;x;sijokͤarhg
2;88;24;aus2;ghraͤkojis;safe;l;;10;28824aus2ghraͤkojis;224ghraͤkojis;x;x;sijokͤarhg
2;70;10;aus2;ghraͤkojis;safe;l;;10;27010aus2ghraͤkojis;210ghraͤkojis;x;x;sijokͤarhg
2;57;25;aus2;ghraͤkojis;safe;l;;10;25725aus2ghraͤkojis;225ghraͤkojis;x;x;sijokͤarhg
2;57;24;aus2;ghraͤkojis;safe;l;;10;25724aus2ghraͤkojis;224ghraͤkojis;x;x;sijokͤarhg
1;452;31;aus2;ghraͤkojis;safe;l;;10;145231aus2ghraͤkojis;131ghraͤkojis;x;x;sijokͤarhg
1;444;30;aus2;ghraͤkojis;safe;l;;10;144430aus2ghraͤkojis;130ghraͤkojis;x;x;sijokͤarhg
1;403;29;aus2;ghraͤkojis;safe;l;;10;140329aus2ghraͤkojis;129ghraͤkojis;x;x;sijokͤarhg
1;394;3;aus2;ghraͤkojis;safe;l;;10;13943aus2ghraͤkojis;13ghraͤkojis;x;x;sijokͤarhg
1;393;30;aus2;ghraͤkojis;safe;l;;10;139330aus2ghraͤkojis;130ghraͤkojis;x;x;sijokͤarhg
1;377;9;aus2;ghraͤkojis;safe;l;;10;13779aus2ghraͤkojis;19ghraͤkojis;x;x;sijokͤarhg
1;343;27;aus2;ghraͤkojis;safe;l;;10;134327aus2ghraͤkojis;127ghraͤkojis;x;x;sijokͤarhg
1;306;21;aus2;ghraͤkojis;safe;l;;10;130621aus2ghraͤkojis;121ghraͤkojis;x;x;sijokͤarhg
1;306;21;aus2;ghraͤkojis;safe;l;;10;130621aus2ghraͤkojis;121ghraͤkojis;x;x;sijokͤarhg
1;251;2;aus2;ghraͤkojis;safe;l;;10;12512aus2ghraͤkojis;12ghraͤkojis;x;x;sijokͤarhg
1;225;23;aus2;ghraͤkojis;safe;l;;10;122523aus2ghraͤkojis;123ghraͤkojis;x;x;sijokͤarhg
1;225;20;aus2;ghraͤkojis;safe;l;;10;122520aus2ghraͤkojis;120ghraͤkojis;x;x;sijokͤarhg
1;217;25;aus2;ghraͤkojis;safe;l;;10;121725aus2ghraͤkojis;125ghraͤkojis;x;x;sijokͤarhg
1;217;23;aus2;ghraͤkojis;safe;l;;10;121723aus2ghraͤkojis;123ghraͤkojis;x;x;sijokͤarhg
1;215;6;aus2;ghraͤkojis;safe;l;;10;12156aus2ghraͤkojis;16ghraͤkojis;x;x;sijokͤarhg
1;206;6;aus2;ghraͤkojis;safe;l;;10;12066aus2ghraͤkojis;16ghraͤkojis;x;x;sijokͤarhg
1;185;5;aus2;ghraͤkojis;safe;l;;10;11855aus2ghraͤkojis;15ghraͤkojis;x;x;sijokͤarhg
2;312;10;aus2;ghraͤkojis;safe;l;;10;231210aus2ghraͤkojis;210ghraͤkojis;x;x;sijokͤarhg
2;312;16;aus2;ghraͤkojis;safe;l;;10;231216aus2ghraͤkojis;216ghraͤkojis;x;x;sijokͤarhg
2;336;22;aus2;ghraͤkojis;safe;l;;10;233622aus2ghraͤkojis;222ghraͤkojis;x;x;sijokͤarhg
2;341;9;aus2;ghraͤkojis;safe;l;;10;23419aus2ghraͤkojis;29ghraͤkojis;x;x;sijokͤarhg
2;428;9;aus2;ghraͤkojis;safe;l;;10;24289aus2ghraͤkojis;29ghraͤkojis;x;x;sijokͤarhg
1;51;14;aus1;ſchkingkojis;safe;l;;12;15114aus1ſchkingkojis;114ſchkingkojis;x;x;sijokgnikhcſ
2;201;12;aus2;ee⸗ſchkingkojis;safe;l;;15;220112aus2ee⸗ſchkingkojis;212ee⸗ſchkingkojis;x;x;sijokgnikhcſ⸗ee
1;51;13;aus1;eeſchkingkojis;safe;l;;14;15113aus1eeſchkingkojis;113eeſchkingkojis;x;x;sijokgnikhcſee
1;51;6;aus1;eeſchkingkojis;safe;l;;14;1516aus1eeſchkingkojis;16eeſchkingkojis;x;x;sijokgnikhcſee
2;230;26;aus2;ghraͤhkojis;safe;l;;11;223026aus2ghraͤhkojis;226ghraͤhkojis;x;x;sijokhͤarhg
2;127;9;aus2;luhkojis;safe;l;;8;21279aus2luhkojis;29luhkojis;x;x;sijokhul
3;129;11;aus2;noluhkojis;safe;l;;10;312911aus2noluhkojis;311noluhkojis;x;x;sijokhulon
2;55;3;aus2;apluhkojis;safe;l;;10;2553aus2apluhkojis;23apluhkojis;x;x;sijokhulpa
2;191;2;aus2;usluhkojis;safe;l;;10;21912aus2usluhkojis;22usluhkojis;x;x;sijokhulsu
2;187;14;aus1;usluhkojis;safe;l;;10;218714aus1usluhkojis;214usluhkojis;x;x;sijokhulsu
2;97;18;aus2;usluhkojis;safe;l;;10;29718aus2usluhkojis;218usluhkojis;x;x;sijokhulsu
2;13;22;aus2;ſchkinkojis;safe;l;;11;21322aus2ſchkinkojis;222ſchkinkojis;x;x;sijoknikhcſ
1;425;1;aus2;ſchkinkojis;safe;l;;11;14251aus2ſchkinkojis;11ſchkinkojis;x;x;sijoknikhcſ
1;373;16;aus2;ee⸗ſchkinkojis;safe;l;;14;137316aus2ee⸗ſchkinkojis;116ee⸗ſchkinkojis;x;x;sijoknikhcſ⸗ee
1;71;6;aus2;ee⸗ſchkinkojis;safe;l;;14;1716aus2ee⸗ſchkinkojis;16ee⸗ſchkinkojis;x;x;sijoknikhcſ⸗ee
2;225;8;aus1;uslukojis;safe;l;;9;22258aus1uslukojis;28uslukojis;x;x;sijokulsu
1;550;22;aus2;uslukojis;safe;l;;9;155022aus2uslukojis;122uslukojis;x;x;sijokulsu
2;267;17;aus1;uslukojis;safe;l;;9;226717aus1uslukojis;217uslukojis;x;x;sijokulsu
2;192;25;aus2;lojis;safe;l;;5;219225aus2lojis;225lojis;x;x;sijol
1;292;2;aus2;lojis;safe;l;;5;12922aus2lojis;12lojis;x;x;sijol
2;17;16;aus1;ļojis;safe;l;;5;21716aus1ļojis;216ļojis;x;x;sijoļ
1;161;3;aus2;ļojis;safe;l;;5;11613aus2ļojis;13ļojis;x;x;sijoļ
3;111;11;aus2;ſchaͤlojis;safe;l;;10;311111aus2ſchaͤlojis;311ſchaͤlojis;x;x;sijolͤahcſ
2;214;16;aus2;ſchaͤlojis;safe;l;;10;221416aus2ſchaͤlojis;216ſchaͤlojis;x;x;sijolͤahcſ
2;34;11;aus2;ſchaͤlojis;safe;l;;10;23411aus2ſchaͤlojis;211ſchaͤlojis;x;x;sijolͤahcſ
2;13;20;aus2;ſchaͤlojis;safe;l;;10;21320aus2ſchaͤlojis;220ſchaͤlojis;x;x;sijolͤahcſ
1;97;31;aus2;ſchaͤlojis;safe;l;;10;19731aus2ſchaͤlojis;131ſchaͤlojis;x;x;sijolͤahcſ
3;52;15;aus2;maͤlojis;safe;l;;8;35215aus2maͤlojis;315maͤlojis;x;x;sijolͤam
1;499;16;aus2;maͤlojis;safe;l;;8;149916aus2maͤlojis;116maͤlojis;x;x;sijolͤam
1;499;14;aus2;maͤlojis;safe;l;;8;149914aus2maͤlojis;114maͤlojis;x;x;sijolͤam
2;205;26;aus2;apmaͤlojis;safe;l;;10;220526aus2apmaͤlojis;226apmaͤlojis;x;x;sijolͤampa
1;93;9;aus2;apmaͤlojis;safe;l;;10;1939aus2apmaͤlojis;19apmaͤlojis;x;x;sijolͤampa
1;116;23;aus2;meelojis;safe;l;;8;111623aus2meelojis;123meelojis;x;x;sijoleem
1;550;16;aus2;mielojis;safe;l;;8;155016aus2mielojis;116mielojis;x;x;sijoleim
1;549;28;aus2;mielojis;safe;l;;8;154928aus2mielojis;128mielojis;x;x;sijoleim
1;549;3;aus2;mielojis;safe;l;;8;15493aus2mielojis;13mielojis;x;x;sijoleim
1;547;14;aus2;mielojis;safe;l;;8;154714aus2mielojis;114mielojis;x;x;sijoleim
1;537;24;aus2;mielojis;safe;l;;8;153724aus2mielojis;124mielojis;x;x;sijoleim
1;452;21;aus2;mielojis;safe;l;;8;145221aus2mielojis;121mielojis;x;x;sijoleim
1;381;23;aus1;mielojis;safe;l;;8;138123aus1mielojis;123mielojis;x;x;sijoleim
1;36;10;aus2;mielojis;safe;l;;8;13610aus2mielojis;110mielojis;x;x;sijoleim
3;173;14;aus2;mieļojis;safe;l;;8;317314aus2mieļojis;314mieļojis;x;x;sijoļeim
3;116;22;aus2;mieļojis;safe;l;;8;311622aus2mieļojis;322mieļojis;x;x;sijoļeim
3;113;21;aus2;mieļojis;safe;l;;8;311321aus2mieļojis;321mieļojis;x;x;sijoļeim
2;168;9;aus2;mieļojis;safe;l;;8;21689aus2mieļojis;29mieļojis;x;x;sijoļeim
2;32;27;aus2;mieļojis;safe;l;;8;23227aus2mieļojis;227mieļojis;x;x;sijoļeim
1;548;20;aus2;mieļojis;safe;l;;8;154820aus2mieļojis;120mieļojis;x;x;sijoļeim
1;548;10;aus2;mieļojis;safe;l;;8;154810aus2mieļojis;110mieļojis;x;x;sijoļeim
1;546;10;aus2;mieļojis;safe;l;;8;154610aus2mieļojis;110mieļojis;x;x;sijoļeim
1;544;9;aus2;mieļojis;safe;l;;8;15449aus2mieļojis;19mieļojis;x;x;sijoļeim
1;544;3;aus2;mieļojis;safe;l;;8;15443aus2mieļojis;13mieļojis;x;x;sijoļeim
1;543;21;aus1;mieļojis;safe;l;;8;154321aus1mieļojis;121mieļojis;x;x;sijoļeim
1;540;18;peri;mieļojis;safe;l;;8;154018perimieļojis;118mieļojis;x;x;sijoļeim
1;536;5;aus2;mieļojis;safe;l;;8;15365aus2mieļojis;15mieļojis;x;x;sijoļeim
1;452;2;aus2;mieļojis;safe;l;;8;14522aus2mieļojis;12mieļojis;x;x;sijoļeim
1;395;21;aus2;mieļojis;safe;l;;8;139521aus2mieļojis;121mieļojis;x;x;sijoļeim
1;395;15;aus2;mieļojis;safe;l;;8;139515aus2mieļojis;115mieļojis;x;x;sijoļeim
1;381;24;aus1;mieļojis;safe;l;;8;138124aus1mieļojis;124mieļojis;x;x;sijoļeim
1;381;16;aus1;mieļojis;safe;l;;8;138116aus1mieļojis;116mieļojis;x;x;sijoļeim
1;381;8;aus1;mieļojis;safe;l;;8;13818aus1mieļojis;18mieļojis;x;x;sijoļeim
1;381;1;aus1;mieļojis;safe;l;;8;13811aus1mieļojis;11mieļojis;x;x;sijoļeim
1;380;25;aus1;mieļojis;safe;l;;8;138025aus1mieļojis;125mieļojis;x;x;sijoļeim
1;380;24;aus1;mieļojis;safe;l;;8;138024aus1mieļojis;124mieļojis;x;x;sijoļeim
1;380;23;aus1;mieļojis;safe;l;;8;138023aus1mieļojis;123mieļojis;x;x;sijoļeim
1;350;28;aus2;mieļojis;safe;l;;8;135028aus2mieļojis;128mieļojis;x;x;sijoļeim
1;347;2;aus2;mieļojis;safe;l;;8;13472aus2mieļojis;12mieļojis;x;x;sijoļeim
1;218;13;aus2;mieļojis;safe;l;;8;121813aus2mieļojis;113mieļojis;x;x;sijoļeim
1;51;9;aus1;mieļojis;safe;l;;8;1519aus1mieļojis;19mieļojis;x;x;sijoļeim
3;65;28;aus1;mieļojis;safe;l;;8;36528aus1mieļojis;328mieļojis;x;x;sijoļeim
2;331;21;aus2;mieļojis;safe;l;;8;233121aus2mieļojis;221mieļojis;x;x;sijoļeim
2;197;19;aus2;ſchaͤhlojis;safe;l;;11;219719aus2ſchaͤhlojis;219ſchaͤhlojis;x;x;sijolhͤahcſ
1;279;21;aus2;ſchaͤhlojis;safe;l;;11;127921aus2ſchaͤhlojis;121ſchaͤhlojis;x;x;sijolhͤahcſ
1;52;30;aus1;mojis;safe;l;;5;15230aus1mojis;130mojis;x;x;sijom
1;355;12;aus1;ſiemojis;safe;l;;8;135512aus1ſiemojis;112ſiemojis;x;x;sijomeiſ
1;469;31;aus2;ſiemojis;safe;l;;8;146931aus2ſiemojis;131ſiemojis;x;x;sijomeiſ
1;536;28;aus2;ee⸗ſiemojis;safe;l;;11;153628aus2ee⸗ſiemojis;128ee⸗ſiemojis;x;x;sijomeiſ⸗ee
1;444;13;aus2;ee⸗ſiemojis;safe;l;;11;144413aus2ee⸗ſiemojis;113ee⸗ſiemojis;x;x;sijomeiſ⸗ee
1;469;31;aus2;ee⸗ſiemojis;safe;l;;11;146931aus2ee⸗ſiemojis;131ee⸗ſiemojis;x;x;sijomeiſ⸗ee
1;146;12;aus2;no⸗ſiemojis;safe;l;;11;114612aus2no⸗ſiemojis;112no⸗ſiemojis;x;x;sijomeiſ⸗on
3;114;25;aus2;dußmojis;safe;l;;8;311425aus2dußmojis;325dußmojis;x;x;sijomßud
2;181;22;aus2;ißmainojis;safe;l;;10;218122aus2ißmainojis;222ißmainojis;x;x;sijoniamßi
3;206;26;aus2;kallpojis;safe;l;;9;320626aus2kallpojis;326kallpojis;x;x;sijopllak
2;154;25;aus2;kallpojis;safe;l;;9;215425aus2kallpojis;225kallpojis;x;x;sijopllak
2;105;6;aus2;kallpojis;safe;l;;9;21056aus2kallpojis;26kallpojis;x;x;sijopllak
1;396;22;aus2;kallpojis;safe;l;;9;139622aus2kallpojis;122kallpojis;x;x;sijopllak
1;178;14;aus2;kallpojis;safe;l;;9;117814aus2kallpojis;114kallpojis;x;x;sijopllak
1;241;23;aus1;apſkaidrojis;safe;l;;12;124123aus1apſkaidrojis;123apſkaidrojis;x;x;sijordiakſpa
1;381;11;aus1;ee⸗mehŗojis;safe;l;;11;138111aus1ee⸗mehŗojis;111ee⸗mehŗojis;x;x;sijoŗhem⸗ee
2;94;25;aus2;baŗŗojis;safe;l;;8;29425aus2baŗŗojis;225baŗŗojis;x;x;sijoŗŗab
2;136;24;aus1;nobaŗŗojis;safe;l;;10;213624aus1nobaŗŗojis;224nobaŗŗojis;x;x;sijoŗŗabon
3;213;14;aus2;ißbaŗŗojis;safe;l;;10;321314aus2ißbaŗŗojis;314ißbaŗŗojis;x;x;sijoŗŗabßi
2;53;17;aus2;kaŗŗojis;safe;l;;8;25317aus2kaŗŗojis;217kaŗŗojis;x;x;sijoŗŗak
2;182;14;aus2;wojis;safe;l;;5;218214aus2wojis;214wojis;x;x;sijow
2;137;19;aus2;wojis;safe;l;;5;213719aus2wojis;219wojis;x;x;sijow
1;550;13;aus2;wojis;safe;l;;5;155013aus2wojis;113wojis;x;x;sijow
1;344;30;aus2;wojis;safe;l;;5;134430aus2wojis;130wojis;x;x;sijow
3;176;22;aus2;dſiewojis;safe;l;;9;317622aus2dſiewojis;322dſiewojis;x;x;sijoweiſd
2;230;16;aus2;dſiewojis;safe;l;;9;223016aus2dſiewojis;216dſiewojis;x;x;sijoweiſd
2;205;21;aus2;dſiewojis;safe;l;;9;220521aus2dſiewojis;221dſiewojis;x;x;sijoweiſd
2;205;5;aus2;dſiewojis;safe;l;;9;22055aus2dſiewojis;25dſiewojis;x;x;sijoweiſd
2;186;24;aus1;dſiewojis;safe;l;;9;218624aus1dſiewojis;224dſiewojis;x;x;sijoweiſd
2;181;19;aus2;dſiewojis;safe;l;;9;218119aus2dſiewojis;219dſiewojis;x;x;sijoweiſd
2;180;5;aus2;dſiewojis;safe;l;;9;21805aus2dſiewojis;25dſiewojis;x;x;sijoweiſd
2;179;23;aus2;dſiewojis;safe;l;;9;217923aus2dſiewojis;223dſiewojis;x;x;sijoweiſd
2;117;24;aus2;dſiewojis;safe;l;;9;211724aus2dſiewojis;224dſiewojis;x;x;sijoweiſd
2;21;11;aus2;dſiewojis;safe;l;;9;22111aus2dſiewojis;211dſiewojis;x;x;sijoweiſd
1;505;16;aus2;dſiewojis;safe;l;;9;150516aus2dſiewojis;116dſiewojis;x;x;sijoweiſd
1;401;5;aus2;dſiewojis;safe;l;;9;14015aus2dſiewojis;15dſiewojis;x;x;sijoweiſd
1;343;26;aus2;dſiewojis;safe;l;;9;134326aus2dſiewojis;126dſiewojis;x;x;sijoweiſd
1;343;3;aus2;dſiewojis;safe;l;;9;13433aus2dſiewojis;13dſiewojis;x;x;sijoweiſd
1;342;30;aus2;dſiewojis;safe;l;;9;134230aus2dſiewojis;130dſiewojis;x;x;sijoweiſd
1;217;19;aus2;dſiewojis;safe;l;;9;121719aus2dſiewojis;119dſiewojis;x;x;sijoweiſd
1;211;6;aus1;dſiewojis;safe;l;;9;12116aus1dſiewojis;16dſiewojis;x;x;sijoweiſd
1;189;18;aus2;dſiewojis;safe;l;;9;118918aus2dſiewojis;118dſiewojis;x;x;sijoweiſd
1;149;11;aus2;dſiewojis;safe;l;;9;114911aus2dſiewojis;111dſiewojis;x;x;sijoweiſd
1;93;3;aus2;dſiewojis;safe;l;;9;1933aus2dſiewojis;13dſiewojis;x;x;sijoweiſd
1;34;2;aus2;dſiewojis;safe;l;;9;1342aus2dſiewojis;12dſiewojis;x;x;sijoweiſd
1;30;16;aus2;dſiewojis;safe;l;;9;13016aus2dſiewojis;116dſiewojis;x;x;sijoweiſd
1;138;24;aus2;pee⸗dſiewojis;safe;l;;13;113824aus2pee⸗dſiewojis;124pee⸗dſiewojis;x;x;sijoweiſd⸗eep
1;77;14;aus2;pee⸗dſiewojis;safe;l;;13;17714aus2pee⸗dſiewojis;114pee⸗dſiewojis;x;x;sijoweiſd⸗eep
1;97;16;aus2;peedſiewojis;safe;l;;12;19716aus2peedſiewojis;116peedſiewojis;x;x;sijoweiſdeep
2;269;1;aus2;peedſiwojis;safe;l;;11;22691aus2peedſiwojis;21peedſiwojis;x;x;sijowiſdeep
1;510;6;aus2;bujis;safe;l;;5;15106aus2bujis;16bujis;x;x;sijub
3;95;29;aus2;dabbujis;safe;l;;8;39529aus2dabbujis;329dabbujis;x;x;sijubbad
3;67;2;aus1;dabbujis;safe;l;;8;3672aus1dabbujis;32dabbujis;x;x;sijubbad
3;54;31;aus2;dabbujis;safe;l;;8;35431aus2dabbujis;331dabbujis;x;x;sijubbad
3;49;30;aus2;dabbujis;safe;l;;8;34930aus2dabbujis;330dabbujis;x;x;sijubbad
3;41;16;aus2;dabbujis;safe;l;;8;34116aus2dabbujis;316dabbujis;x;x;sijubbad
2;175;5;aus2;dabbujis;safe;l;;8;21755aus2dabbujis;25dabbujis;x;x;sijubbad
2;173;26;aus2;dabbujis;safe;l;;8;217326aus2dabbujis;226dabbujis;x;x;sijubbad
2;173;25;aus2;dabbujis;safe;l;;8;217325aus2dabbujis;225dabbujis;x;x;sijubbad
2;173;25;aus2;dabbujis;safe;l;;8;217325aus2dabbujis;225dabbujis;x;x;sijubbad
2;154;28;aus2;dabbujis;safe;l;;8;215428aus2dabbujis;228dabbujis;x;x;sijubbad
2;91;18;aus2;dabbujis;safe;l;;8;29118aus2dabbujis;218dabbujis;x;x;sijubbad
2;54;5;aus2;dabbujis;safe;l;;8;2545aus2dabbujis;25dabbujis;x;x;sijubbad
2;16;18;peri;dabbujis;safe;l;;8;21618peridabbujis;218dabbujis;x;x;sijubbad
2;16;17;peri;dabbujis;safe;l;;8;21617peridabbujis;217dabbujis;x;x;sijubbad
1;509;18;aus2;dabbujis;safe;l;;8;150918aus2dabbujis;118dabbujis;x;x;sijubbad
1;497;22;aus2;dabbujis;safe;l;;8;149722aus2dabbujis;122dabbujis;x;x;sijubbad
1;373;16;aus2;dabbujis;safe;l;;8;137316aus2dabbujis;116dabbujis;x;x;sijubbad
1;285;2;aus2;dabbujis;safe;l;;8;12852aus2dabbujis;12dabbujis;x;x;sijubbad
1;135;22;aus2;dabbujis;safe;l;;8;113522aus2dabbujis;122dabbujis;x;x;sijubbad
1;90;1;aus2;dabbujis;safe;l;;8;1901aus2dabbujis;11dabbujis;x;x;sijubbad
2;300;3;aus2;dabbujis;safe;l;;8;23003aus2dabbujis;23dabbujis;x;x;sijubbad
1;408;3;aus1;att⸗dabbujis;safe;l;;12;14083aus1att⸗dabbujis;13att⸗dabbujis;x;x;sijubbad⸗tta
3;174;24;aus2;noẜalis;unsafe;l;;7;317424aus2noẜalis;324noẜalis;x;x;silaẜon
3;118;20;peri;wielis;unsafe;l;;6;311820periwielis;320wielis;x;x;sileiw
1;294;4;aus2;pee⸗wielis;unsafe;l;;10;12944aus2pee⸗wielis;14pee⸗wielis;x;x;sileiw⸗eep
3;127;12;aus2;Peewielis;unsafe;u;;9;312712aus2Peewielis;312Peewielis;x;x;sileiweeP
3;118;13;peri;Peewielis;unsafe;u;;9;311813periPeewielis;313Peewielis;x;x;sileiweeP
3;79;12;peri;Peewielis;unsafe;u;;9;37912periPeewielis;312Peewielis;x;x;sileiweeP
3;79;7;peri;Peewielis;unsafe;u;;9;3797periPeewielis;37Peewielis;x;x;sileiweeP
3;12;15;aus2;Peewielis;unsafe;u;;9;31215aus2Peewielis;315Peewielis;x;x;sileiweeP
2;182;11;aus2;Peewielis;unsafe;u;;9;218211aus2Peewielis;211Peewielis;x;x;sileiweeP
2;181;25;aus2;Peewielis;unsafe;u;;9;218125aus2Peewielis;225Peewielis;x;x;sileiweeP
1;207;16;aus2;Peewielis;unsafe;u;;9;120716aus2Peewielis;116Peewielis;x;x;sileiweeP
2;423;14;aus2;peewielis;unsafe;l;;9;242314aus2peewielis;214peewielis;x;x;sileiweep
1;93;11;aus2;ißwielis;unsafe;l;;8;19311aus2ißwielis;111ißwielis;x;x;sileiwßi
1;174;13;aus2;attwielis;unsafe;l;;9;117413aus2attwielis;113attwielis;x;x;sileiwtta
3;68;30;aus1;ʒehlis;unsafe;l;;6;36830aus1ʒehlis;330ʒehlis;x;x;silheʒ
3;61;15;aus1;ʒehlis;unsafe;l;;6;36115aus1ʒehlis;315ʒehlis;x;x;silheʒ
3;8;25;aus2;ʒehlis;unsafe;l;;6;3825aus2ʒehlis;325ʒehlis;x;x;silheʒ
2;132;21;aus2;ʒehlis;unsafe;l;;6;213221aus2ʒehlis;221ʒehlis;x;x;silheʒ
2;101;6;aus1;ʒehlis;unsafe;l;;6;21016aus1ʒehlis;26ʒehlis;x;x;silheʒ
2;32;25;aus2;ʒehlis;unsafe;l;;6;23225aus2ʒehlis;225ʒehlis;x;x;silheʒ
2;21;20;aus2;ʒehlis;unsafe;l;;6;22120aus2ʒehlis;220ʒehlis;x;x;silheʒ
1;287;25;aus2;ʒehlis;unsafe;l;;6;128725aus2ʒehlis;125ʒehlis;x;x;silheʒ
1;121;5;aus2;ʒehlis;unsafe;l;;6;11215aus2ʒehlis;15ʒehlis;x;x;silheʒ
1;18;28;aus2;ʒehlis;unsafe;l;;6;11828aus2ʒehlis;128ʒehlis;x;x;silheʒ
2;133;31;aus2;pa⸗ʒehlis;unsafe;l;;9;213331aus2pa⸗ʒehlis;231pa⸗ʒehlis;x;x;silheʒ⸗ap
3;52;22;aus2;ee⸗ʒehlis;unsafe;l;;9;35222aus2ee⸗ʒehlis;322ee⸗ʒehlis;x;x;silheʒ⸗ee
1;381;27;aus1;ee⸗ʒehlis;unsafe;l;;9;138127aus1ee⸗ʒehlis;127ee⸗ʒehlis;x;x;silheʒ⸗ee
2;428;26;aus2;paʒehlis;unsafe;l;;8;242826aus2paʒehlis;226paʒehlis;x;x;silheʒap
3;114;3;aus2;eeʒehlis;unsafe;l;;8;31143aus2eeʒehlis;33eeʒehlis;x;x;silheʒee
2;383;30;aus2;eeʒehlis;unsafe;l;;8;238330aus2eeʒehlis;230eeʒehlis;x;x;silheʒee
2;43;21;peri;peʒehlis;unsafe;l;;8;24321peripeʒehlis;221peʒehlis;x;x;silheʒep
2;271;23;aus2;weeghlis;unsafe;l;;8;227123aus2weeghlis;223weeghlis;x;x;silhgeew
3;166;1;peri;jehmis;unsafe;l;;6;31661perijehmis;31jehmis;x;x;simhej
3;143;13;peri;jehmis;unsafe;l;;6;314313perijehmis;313jehmis;x;x;simhej
3;55;12;aus2;jehmis;unsafe;l;;6;35512aus2jehmis;312jehmis;x;x;simhej
3;47;3;aus2;jehmis;unsafe;l;;6;3473aus2jehmis;33jehmis;x;x;simhej
3;5;3;peri;jehmis;unsafe;l;;6;353perijehmis;33jehmis;x;x;simhej
2;115;23;aus2;jehmis;unsafe;l;;6;211523aus2jehmis;223jehmis;x;x;simhej
1;223;27;aus1;jehmis;unsafe;l;;6;122327aus1jehmis;127jehmis;x;x;simhej
1;48;2;aus2;jehmis;unsafe;l;;6;1482aus2jehmis;12jehmis;x;x;simhej
3;162;3;aus2;jehmis;unsafe;l;;6;31623aus2jehmis;33jehmis;x;x;simhej
1;323;32;aus2;pa⸗jehmis;unsafe;l;;9;132332aus2pa⸗jehmis;132pa⸗jehmis;x;x;simhej⸗ap
1;320;2;aus2;pa⸗jehmis;unsafe;l;;9;13202aus2pa⸗jehmis;12pa⸗jehmis;x;x;simhej⸗ap
1;302;2;aus2;pa⸗jehmis;unsafe;l;;9;13022aus2pa⸗jehmis;12pa⸗jehmis;x;x;simhej⸗ap
2;332;27;aus2;pa⸗jehmis;unsafe;l;;9;233227aus2pa⸗jehmis;227pa⸗jehmis;x;x;simhej⸗ap
1;501;27;aus1;ee⸗jehmis;unsafe;l;;9;150127aus1ee⸗jehmis;127ee⸗jehmis;x;x;simhej⸗ee
1;302;17;aus2;ee⸗jehmis;unsafe;l;;9;130217aus2ee⸗jehmis;117ee⸗jehmis;x;x;simhej⸗ee
3;162;17;aus2;pajehmis;unsafe;l;;8;316217aus2pajehmis;317pajehmis;x;x;simhejap
2;62;3;aus1;ẜajehmis;unsafe;l;;8;2623aus1ẜajehmis;23ẜajehmis;x;x;simhejaẜ
1;443;2;aus2;ẜajehmis;unsafe;l;;8;14432aus2ẜajehmis;12ẜajehmis;x;x;simhejaẜ
1;506;28;aus2;ejehmis;unsafe;l;;7;150628aus2ejehmis;128ejehmis;x;x;simheje
2;205;18;aus2;usjehmis;unsafe;l;;8;220518aus2usjehmis;218usjehmis;x;x;simhejsu
1;352;11;aus2;usjehmis;unsafe;l;;8;135211aus2usjehmis;111usjehmis;x;x;simhejsu
1;90;28;aus2;usjehmis;unsafe;l;;8;19028aus2usjehmis;128usjehmis;x;x;simhejsu
1;90;10;aus2;usjehmis;unsafe;l;;8;19010aus2usjehmis;110usjehmis;x;x;simhejsu
2;261;11;aus2;usjehmis;unsafe;l;;8;226111aus2usjehmis;211usjehmis;x;x;simhejsu
2;330;1;aus2;usjehmis;unsafe;l;;8;23301aus2usjehmis;21usjehmis;x;x;simhejsu
2;413;17;aus2;usjehmis;unsafe;l;;8;241317aus2usjehmis;217usjehmis;x;x;simhejsu
1;295;3;aus2;Vsjehmis;unsafe;u;;8;12953aus2Vsjehmis;13Vsjehmis;x;x;simhejsV
2;320;28;aus1;peedſim̃is;unsafe;l;;10;232028aus1peedſim̃is;228peedſim̃is;x;x;sĩmiſdeep
3;175;2;aus2;dſimmis;unsafe;l;;7;31752aus2dſimmis;32dſimmis;x;x;simmiſd
3;173;13;aus2;dſimmis;unsafe;l;;7;317313aus2dſimmis;313dſimmis;x;x;simmiſd
3;106;26;aus2;dſimmis;unsafe;l;;7;310626aus2dſimmis;326dſimmis;x;x;simmiſd
3;63;5;aus1;dſimmis;unsafe;l;;7;3635aus1dſimmis;35dſimmis;x;x;simmiſd
2;49;10;aus2;dſimmis;unsafe;l;;7;24910aus2dſimmis;210dſimmis;x;x;simmiſd
2;10;17;aus2;dſimmis;unsafe;l;;7;21017aus2dſimmis;217dſimmis;x;x;simmiſd
2;10;6;aus2;dſimmis;unsafe;l;;7;2106aus2dſimmis;26dſimmis;x;x;simmiſd
1;528;9;aus1;dſimmis;unsafe;l;;7;15289aus1dſimmis;19dſimmis;x;x;simmiſd
1;509;31;aus2;dſimmis;unsafe;l;;7;150931aus2dſimmis;131dſimmis;x;x;simmiſd
1;365;31;aus2;dſimmis;unsafe;l;;7;136531aus2dſimmis;131dſimmis;x;x;simmiſd
1;319;20;aus2;dſimmis;unsafe;l;;7;131920aus2dſimmis;120dſimmis;x;x;simmiſd
1;314;3;aus2;dſimmis;unsafe;l;;7;13143aus2dſimmis;13dſimmis;x;x;simmiſd
1;262;11;aus2;dſimmis;unsafe;l;;7;126211aus2dſimmis;111dſimmis;x;x;simmiſd
1;255;31;aus2;dſimmis;unsafe;l;;7;125531aus2dſimmis;131dſimmis;x;x;simmiſd
1;192;25;aus2;dſimmis;unsafe;l;;7;119225aus2dſimmis;125dſimmis;x;x;simmiſd
1;104;16;aus2;dſimmis;unsafe;l;;7;110416aus2dſimmis;116dſimmis;x;x;simmiſd
1;74;6;aus1;dſimmis;unsafe;l;;7;1746aus1dſimmis;16dſimmis;x;x;simmiſd
1;56;26;aus2;dſimmis;unsafe;l;;7;15626aus2dſimmis;126dſimmis;x;x;simmiſd
1;52;6;aus1;dſimmis;unsafe;l;;7;1526aus1dſimmis;16dſimmis;x;x;simmiſd
2;266;18;aus1;dſimmis;unsafe;l;;7;226618aus1dſimmis;218dſimmis;x;x;simmiſd
2;328;23;aus2;dſimmis;unsafe;l;;7;232823aus2dſimmis;223dſimmis;x;x;simmiſd
2;337;5;aus2;dſimmis;unsafe;l;;7;23375aus2dſimmis;25dſimmis;x;x;simmiſd
1;403;30;aus2;ee⸗dſimmis;unsafe;l;;10;140330aus2ee⸗dſimmis;130ee⸗dſimmis;x;x;simmiſd⸗ee
1;360;3;aus2;pee⸗dſimmis;unsafe;l;;11;13603aus2pee⸗dſimmis;13pee⸗dſimmis;x;x;simmiſd⸗eep
1;328;6;aus1;pee⸗dſimmis;unsafe;l;;11;13286aus1pee⸗dſimmis;16pee⸗dſimmis;x;x;simmiſd⸗eep
1;173;20;aus1;pee⸗dſimmis;unsafe;l;;11;117320aus1pee⸗dſimmis;120pee⸗dſimmis;x;x;simmiſd⸗eep
1;154;6;aus2;pee⸗dſimmis;unsafe;l;;11;11546aus2pee⸗dſimmis;16pee⸗dſimmis;x;x;simmiſd⸗eep
1;149;10;aus2;pee⸗dſimmis;unsafe;l;;11;114910aus2pee⸗dſimmis;110pee⸗dſimmis;x;x;simmiſd⸗eep
1;65;3;aus2;pee⸗dſimmis;unsafe;l;;11;1653aus2pee⸗dſimmis;13pee⸗dſimmis;x;x;simmiſd⸗eep
1;57;24;aus2;pee⸗dſimmis;unsafe;l;;11;15724aus2pee⸗dſimmis;124pee⸗dſimmis;x;x;simmiſd⸗eep
1;57;22;aus2;pee⸗dſimmis;unsafe;l;;11;15722aus2pee⸗dſimmis;122pee⸗dſimmis;x;x;simmiſd⸗eep
1;56;22;aus2;pee⸗dſimmis;unsafe;l;;11;15622aus2pee⸗dſimmis;122pee⸗dſimmis;x;x;simmiſd⸗eep
1;56;20;aus2;pee⸗dſimmis;unsafe;l;;11;15620aus2pee⸗dſimmis;120pee⸗dſimmis;x;x;simmiſd⸗eep
3;93;16;aus2;peedſimmis;unsafe;l;;10;39316aus2peedſimmis;316peedſimmis;x;x;simmiſdeep
3;81;15;peri;peedſimmis;unsafe;l;;10;38115peripeedſimmis;315peedſimmis;x;x;simmiſdeep
3;25;14;aus2;peedſimmis;unsafe;l;;10;32514aus2peedſimmis;314peedſimmis;x;x;simmiſdeep
3;25;10;aus2;peedſimmis;unsafe;l;;10;32510aus2peedſimmis;310peedſimmis;x;x;simmiſdeep
2;215;26;aus2;peedſimmis;unsafe;l;;10;221526aus2peedſimmis;226peedſimmis;x;x;simmiſdeep
2;178;1;aus2;peedſimmis;unsafe;l;;10;21781aus2peedſimmis;21peedſimmis;x;x;simmiſdeep
2;50;18;aus2;peedſimmis;unsafe;l;;10;25018aus2peedſimmis;218peedſimmis;x;x;simmiſdeep
2;45;10;aus1;peedſimmis;unsafe;l;;10;24510aus1peedſimmis;210peedſimmis;x;x;simmiſdeep
2;28;16;aus2;peedſimmis;unsafe;l;;10;22816aus2peedſimmis;216peedſimmis;x;x;simmiſdeep
1;506;20;aus2;peedſimmis;unsafe;l;;10;150620aus2peedſimmis;120peedſimmis;x;x;simmiſdeep
1;471;1;aus2;peedſimmis;unsafe;l;;10;14711aus2peedſimmis;11peedſimmis;x;x;simmiſdeep
1;401;23;aus2;peedſimmis;unsafe;l;;10;140123aus2peedſimmis;123peedſimmis;x;x;simmiſdeep
1;401;7;aus2;peedſimmis;unsafe;l;;10;14017aus2peedſimmis;17peedſimmis;x;x;simmiſdeep
1;364;18;aus2;peedſimmis;unsafe;l;;10;136418aus2peedſimmis;118peedſimmis;x;x;simmiſdeep
1;362;23;aus2;peedſimmis;unsafe;l;;10;136223aus2peedſimmis;123peedſimmis;x;x;simmiſdeep
1;359;29;aus2;peedſimmis;unsafe;l;;10;135929aus2peedſimmis;129peedſimmis;x;x;simmiſdeep
1;355;30;aus1;peedſimmis;unsafe;l;;10;135530aus1peedſimmis;130peedſimmis;x;x;simmiſdeep
1;349;16;aus2;peedſimmis;unsafe;l;;10;134916aus2peedſimmis;116peedſimmis;x;x;simmiſdeep
1;140;21;aus2;peedſimmis;unsafe;l;;10;114021aus2peedſimmis;121peedſimmis;x;x;simmiſdeep
1;132;5;aus2;peedſimmis;unsafe;l;;10;11325aus2peedſimmis;15peedſimmis;x;x;simmiſdeep
1;132;1;aus2;peedſimmis;unsafe;l;;10;11321aus2peedſimmis;11peedſimmis;x;x;simmiſdeep
1;122;4;aus2;peedſimmis;unsafe;l;;10;11224aus2peedſimmis;14peedſimmis;x;x;simmiſdeep
1;115;2;aus2;peedſimmis;unsafe;l;;10;11152aus2peedſimmis;12peedſimmis;x;x;simmiſdeep
1;114;19;aus1;peedſimmis;unsafe;l;;10;111419aus1peedſimmis;119peedſimmis;x;x;simmiſdeep
1;111;9;peri;peedſimmis;unsafe;l;;10;11119peripeedſimmis;19peedſimmis;x;x;simmiſdeep
1;91;15;aus2;peedſimmis;unsafe;l;;10;19115aus2peedſimmis;115peedſimmis;x;x;simmiſdeep
1;89;3;aus2;peedſimmis;unsafe;l;;10;1893aus2peedſimmis;13peedſimmis;x;x;simmiſdeep
1;87;6;aus1;peedſimmis;unsafe;l;;10;1876aus1peedſimmis;16peedſimmis;x;x;simmiſdeep
1;75;14;aus2;peedſimmis;unsafe;l;;10;17514aus2peedſimmis;114peedſimmis;x;x;simmiſdeep
1;74;13;aus1;peedſimmis;unsafe;l;;10;17413aus1peedſimmis;113peedſimmis;x;x;simmiſdeep
1;74;4;aus1;peedſimmis;unsafe;l;;10;1744aus1peedſimmis;14peedſimmis;x;x;simmiſdeep
1;62;8;aus1;peedſimmis;unsafe;l;;10;1628aus1peedſimmis;18peedſimmis;x;x;simmiſdeep
1;61;15;aus1;peedſimmis;unsafe;l;;10;16115aus1peedſimmis;115peedſimmis;x;x;simmiſdeep
1;59;22;aus2;peedſimmis;unsafe;l;;10;15922aus2peedſimmis;122peedſimmis;x;x;simmiſdeep
1;56;24;aus2;peedſimmis;unsafe;l;;10;15624aus2peedſimmis;124peedſimmis;x;x;simmiſdeep
1;55;3;aus2;peedſimmis;unsafe;l;;10;1553aus2peedſimmis;13peedſimmis;x;x;simmiſdeep
1;53;25;aus2;peedſimmis;unsafe;l;;10;15325aus2peedſimmis;125peedſimmis;x;x;simmiſdeep
1;52;18;aus1;peedſimmis;unsafe;l;;10;15218aus1peedſimmis;118peedſimmis;x;x;simmiſdeep
1;52;14;aus1;peedſimmis;unsafe;l;;10;15214aus1peedſimmis;114peedſimmis;x;x;simmiſdeep
1;52;11;aus1;peedſimmis;unsafe;l;;10;15211aus1peedſimmis;111peedſimmis;x;x;simmiſdeep
1;50;15;peri;peedſimmis;unsafe;l;;10;15015peripeedſimmis;115peedſimmis;x;x;simmiſdeep
1;40;27;aus2;peedſimmis;unsafe;l;;10;14027aus2peedſimmis;127peedſimmis;x;x;simmiſdeep
1;2;27;aus1;peedſimmis;unsafe;l;;10;1227aus1peedſimmis;127peedſimmis;x;x;simmiſdeep
2;283;24;aus2;peedſimmis;unsafe;l;;10;228324aus2peedſimmis;224peedſimmis;x;x;simmiſdeep
2;287;11;aus2;peedſimmis;unsafe;l;;10;228711aus2peedſimmis;211peedſimmis;x;x;simmiſdeep
2;313;24;aus2;peedſimmis;unsafe;l;;10;231324aus2peedſimmis;224peedſimmis;x;x;simmiſdeep
2;355;31;aus2;peedſimmis;unsafe;l;;10;235531aus2peedſimmis;231peedſimmis;x;x;simmiſdeep
2;418;23;aus1;peedſimmis;unsafe;l;;10;241823aus1peedſimmis;223peedſimmis;x;x;simmiſdeep
2;429;18;aus2;peedſimmis;unsafe;l;;10;242918aus2peedſimmis;218peedſimmis;x;x;simmiſdeep
2;297;18;aus1;ſkummis;unsafe;l;;7;229718aus1ſkummis;218ſkummis;x;x;simmukſ
3;170;23;aus2;noſkummis;unsafe;l;;9;317023aus2noſkummis;323noſkummis;x;x;simmukſon
3;152;15;aus2;noſkummis;unsafe;l;;9;315215aus2noſkummis;315noſkummis;x;x;simmukſon
3;130;25;aus2;noſkummis;unsafe;l;;9;313025aus2noſkummis;325noſkummis;x;x;simmukſon
3;31;20;aus2;noſkummis;unsafe;l;;9;33120aus2noſkummis;320noſkummis;x;x;simmukſon
3;22;9;aus2;noſkummis;unsafe;l;;9;3229aus2noſkummis;39noſkummis;x;x;simmukſon
3;10;14;aus2;noſkummis;unsafe;l;;9;31014aus2noſkummis;314noſkummis;x;x;simmukſon
1;513;15;aus2;noſkummis;unsafe;l;;9;151315aus2noſkummis;115noſkummis;x;x;simmukſon
1;438;24;aus2;noſkummis;unsafe;l;;9;143824aus2noſkummis;124noſkummis;x;x;simmukſon
1;394;15;aus2;noſkummis;unsafe;l;;9;139415aus2noſkummis;115noſkummis;x;x;simmukſon
1;251;3;aus2;noſkummis;unsafe;l;;9;12513aus2noſkummis;13noſkummis;x;x;simmukſon
1;242;27;aus2;noſkummis;unsafe;l;;9;124227aus2noſkummis;127noſkummis;x;x;simmukſon
1;17;25;aus2;noſkummis;unsafe;l;;9;11725aus2noſkummis;125noſkummis;x;x;simmukſon
1;17;22;aus2;noſkummis;unsafe;l;;9;11722aus2noſkummis;122noſkummis;x;x;simmukſon
2;363;23;aus2;noſkummis;unsafe;l;;9;236323aus2noſkummis;223noſkummis;x;x;simmukſon
2;397;19;aus2;noſkummis;unsafe;l;;9;239719aus2noſkummis;219noſkummis;x;x;simmukſon
2;397;24;aus2;noſkummis;unsafe;l;;9;239724aus2noſkummis;224noſkummis;x;x;simmukſon
2;398;7;aus2;noſkummis;unsafe;l;;9;23987aus2noſkummis;27noſkummis;x;x;simmukſon
3;30;2;aus2;noſkum̃is;unsafe;l;;9;3302aus2noſkum̃is;32noſkum̃is;x;x;sĩmukſon
1;303;30;aus2;ẜa⸗minnis;unsafe;l;;9;130330aus2ẜa⸗minnis;130ẜa⸗minnis;x;x;sinnim⸗aẜ
3;146;5;aus1;ſaminnis;unsafe;l;;8;31465aus1ſaminnis;35ſaminnis;x;x;sinnimaſ
1;455;18;aus2;trinnis;unsafe;l;trīt;7;145518aus2trinnis;118trinnis;x;x;sinnirt
2;198;2;aus2;ißtrinnis;unsafe;l;;9;21982aus2ißtrinnis;22ißtrinnis;x;x;sinnirtßi
2;163;29;aus2;paſinnis;unsafe;l;;8;216329aus2paſinnis;229paſinnis;x;x;sinniſap
2;151;18;aus2;paſinnis;unsafe;l;;8;215118aus2paſinnis;218paſinnis;x;x;sinniſap
2;52;31;aus2;paſinnis;unsafe;l;;8;25231aus2paſinnis;231paſinnis;x;x;sinniſap
1;313;20;aus1;iß⸗dſinnis;unsafe;l;;10;131320aus1iß⸗dſinnis;120iß⸗dſinnis;x;x;sinniſd⸗ßi
2;311;6;aus2;adſinnis;unsafe;l;;8;23116aus2adſinnis;26adſinnis;x;x;sinniſda
2;147;5;peri;attſinnis;unsafe;l;;9;21475periattſinnis;25attſinnis;x;x;sinniſtta
1;100;11;aus1;attſinnis;unsafe;l;;9;110011aus1attſinnis;111attſinnis;x;x;sinniſtta
2;311;21;aus2;pahrkapis;unsafe;l;;9;231121aus2pahrkapis;221pahrkapis;x;x;sipakrhap
1;373;8;aus2;ſteepis;unsafe;l;;7;13738aus2ſteepis;18ſteepis;x;x;sipeetſ
3;200;31;aus2;iß⸗ſteepis;unsafe;l;;10;320031aus2iß⸗ſteepis;331iß⸗ſteepis;x;x;sipeetſ⸗ßi
3;76;11;aus1;iß⸗ſteepis;unsafe;l;;10;37611aus1iß⸗ſteepis;311iß⸗ſteepis;x;x;sipeetſ⸗ßi
2;116;24;aus2;kahpis;unsafe;l;;6;211624aus2kahpis;224kahpis;x;x;siphak
1;505;27;aus2;kahpis;unsafe;l;;6;150527aus2kahpis;127kahpis;x;x;siphak
1;250;23;aus2;kahpis;unsafe;l;;6;125023aus2kahpis;123kahpis;x;x;siphak
1;216;27;aus2;kahpis;unsafe;l;;6;121627aus2kahpis;127kahpis;x;x;siphak
1;508;9;aus2;us⸗kahpis;unsafe;l;;9;15089aus2us⸗kahpis;19us⸗kahpis;x;x;siphak⸗su
2;118;20;aus2;nokahpis;unsafe;l;;8;211820aus2nokahpis;220nokahpis;x;x;siphakon
1;393;7;aus2;pahrkahpis;unsafe;l;;10;13937aus2pahrkahpis;17pahrkahpis;x;x;siphakrhap
1;330;2;aus2;pahrkahpis;unsafe;l;;10;13302aus2pahrkahpis;12pahrkahpis;x;x;siphakrhap
1;206;7;aus2;pahrkahpis;unsafe;l;;10;12067aus2pahrkahpis;17pahrkahpis;x;x;siphakrhap
1;92;13;aus2;pahrkahpis;unsafe;l;;10;19213aus2pahrkahpis;113pahrkahpis;x;x;siphakrhap
2;329;28;aus2;pahrkahpis;unsafe;l;;10;232928aus2pahrkahpis;228pahrkahpis;x;x;siphakrhap
1;502;2;aus1;uskahpis;unsafe;l;;8;15022aus1uskahpis;12uskahpis;x;x;siphaksu
1;34;3;aus2;uskahpis;unsafe;l;;8;1343aus2uskahpis;13uskahpis;x;x;siphaksu
2;21;2;aus2;attkahpis;unsafe;l;;9;2212aus2attkahpis;22attkahpis;x;x;siphaktta
1;308;20;aus2;attkahpis;unsafe;l;;9;130820aus2attkahpis;120attkahpis;x;x;siphaktta
1;31;2;aus2;attkrahpis;unsafe;l;;10;1312aus2attkrahpis;12attkrahpis;x;x;sipharktta
1;483;21;aus2;ẜlehpis;unsafe;l;;7;148321aus2ẜlehpis;121ẜlehpis;x;x;siphelẜ
3;57;19;aus2;pa⸗ẜlehpis;unsafe;l;;10;35719aus2pa⸗ẜlehpis;319pa⸗ẜlehpis;x;x;siphelẜ⸗ap
3;105;13;aus2;paẜlehpis;unsafe;l;;9;310513aus2paẜlehpis;313paẜlehpis;x;x;siphelẜap
1;469;15;aus2;paẜlehpis;unsafe;l;;9;146915aus2paẜlehpis;115paẜlehpis;x;x;siphelẜap
1;165;27;aus2;kohpis;unsafe;l;;6;116527aus2kohpis;127kohpis;x;x;siphok
2;80;4;aus2;peepampis;unsafe;l;;9;2804aus2peepampis;24peepampis;x;x;sipmapeep
2;311;11;aus2;uspampis;unsafe;l;;8;231111aus2uspampis;211uspampis;x;x;sipmapsu
2;312;8;aus2;uspampis;unsafe;l;;8;23128aus2uspampis;28uspampis;x;x;sipmapsu
3;188;4;aus2;tappis;unsafe;l;;6;31884aus2tappis;34tappis;x;x;sippat
3;175;1;aus2;tappis;unsafe;l;;6;31751aus2tappis;31tappis;x;x;sippat
3;162;12;aus2;tappis;unsafe;l;;6;316212aus2tappis;312tappis;x;x;sippat
3;95;6;aus2;tappis;unsafe;l;;6;3956aus2tappis;36tappis;x;x;sippat
3;77;13;aus1;tappis;unsafe;l;;6;37713aus1tappis;313tappis;x;x;sippat
2;249;13;aus2;tappis;unsafe;l;;6;224913aus2tappis;213tappis;x;x;sippat
2;242;14;aus2;tappis;unsafe;l;;6;224214aus2tappis;214tappis;x;x;sippat
2;239;11;aus1;tappis;unsafe;l;;6;223911aus1tappis;211tappis;x;x;sippat
2;237;13;peri;tappis;unsafe;l;;6;223713peritappis;213tappis;x;x;sippat
2;216;5;aus2;tappis;unsafe;l;;6;22165aus2tappis;25tappis;x;x;sippat
2;27;11;aus2;tappis;unsafe;l;;6;22711aus2tappis;211tappis;x;x;sippat
1;536;17;aus2;tappis;unsafe;l;;6;153617aus2tappis;117tappis;x;x;sippat
1;536;11;aus2;tappis;unsafe;l;;6;153611aus2tappis;111tappis;x;x;sippat
1;536;9;aus2;tappis;unsafe;l;;6;15369aus2tappis;19tappis;x;x;sippat
1;517;7;aus2;tappis;unsafe;l;;6;15177aus2tappis;17tappis;x;x;sippat
1;507;4;aus2;tappis;unsafe;l;;6;15074aus2tappis;14tappis;x;x;sippat
1;484;10;aus2;tappis;unsafe;l;;6;148410aus2tappis;110tappis;x;x;sippat
1;458;15;aus2;tappis;unsafe;l;;6;145815aus2tappis;115tappis;x;x;sippat
1;438;20;aus2;tappis;unsafe;l;;6;143820aus2tappis;120tappis;x;x;sippat
1;427;8;aus2;tappis;unsafe;l;;6;14278aus2tappis;18tappis;x;x;sippat
1;426;17;aus2;tappis;unsafe;l;;6;142617aus2tappis;117tappis;x;x;sippat
1;425;23;aus2;tappis;unsafe;l;;6;142523aus2tappis;123tappis;x;x;sippat
1;422;19;aus1;tappis;unsafe;l;;6;142219aus1tappis;119tappis;x;x;sippat
1;399;12;aus2;tappis;unsafe;l;;6;139912aus2tappis;112tappis;x;x;sippat
1;385;30;aus2;tappis;unsafe;l;;6;138530aus2tappis;130tappis;x;x;sippat
1;356;28;aus2;tappis;unsafe;l;;6;135628aus2tappis;128tappis;x;x;sippat
1;356;12;aus2;tappis;unsafe;l;;6;135612aus2tappis;112tappis;x;x;sippat
1;355;26;aus1;tappis;unsafe;l;;6;135526aus1tappis;126tappis;x;x;sippat
1;355;18;aus1;tappis;unsafe;l;;6;135518aus1tappis;118tappis;x;x;sippat
1;352;20;intr;tappis;unsafe;l;;6;135220intrtappis;120tappis;x;x;sippat
1;328;14;aus1;tappis;unsafe;l;;6;132814aus1tappis;114tappis;x;x;sippat
1;328;3;aus1;tappis;unsafe;l;;6;13283aus1tappis;13tappis;x;x;sippat
1;284;9;aus2;tappis;unsafe;l;;6;12849aus2tappis;19tappis;x;x;sippat
1;277;4;aus2;tappis;unsafe;l;;6;12774aus2tappis;14tappis;x;x;sippat
1;235;12;aus2;tappis;unsafe;l;;6;123512aus2tappis;112tappis;x;x;sippat
1;219;22;aus2;tappis;unsafe;l;;6;121922aus2tappis;122tappis;x;x;sippat
1;212;22;aus2;tappis;unsafe;l;;6;121222aus2tappis;122tappis;x;x;sippat
1;183;1;aus2;tappis;unsafe;l;;6;11831aus2tappis;11tappis;x;x;sippat
1;169;10;aus2;tappis;unsafe;l;;6;116910aus2tappis;110tappis;x;x;sippat
1;121;26;aus2;tappis;unsafe;l;;6;112126aus2tappis;126tappis;x;x;sippat
1;105;16;aus2;tappis;unsafe;l;;6;110516aus2tappis;116tappis;x;x;sippat
1;80;13;aus2;tappis;unsafe;l;;6;18013aus2tappis;113tappis;x;x;sippat
1;78;3;aus2;tappis;unsafe;l;;6;1783aus2tappis;13tappis;x;x;sippat
1;77;28;aus2;tappis;unsafe;l;;6;17728aus2tappis;128tappis;x;x;sippat
1;77;21;aus2;tappis;unsafe;l;;6;17721aus2tappis;121tappis;x;x;sippat
1;66;25;aus2;tappis;unsafe;l;;6;16625aus2tappis;125tappis;x;x;sippat
1;55;11;aus2;tappis;unsafe;l;;6;15511aus2tappis;111tappis;x;x;sippat
1;48;10;aus2;tappis;unsafe;l;;6;14810aus2tappis;110tappis;x;x;sippat
1;34;7;aus2;tappis;unsafe;l;;6;1347aus2tappis;17tappis;x;x;sippat
1;3;7;aus1;tappis;unsafe;l;;6;137aus1tappis;17tappis;x;x;sippat
2;306;29;aus2;tappis;unsafe;l;;6;230629aus2tappis;229tappis;x;x;sippat
2;330;1;aus2;tappis;unsafe;l;;6;23301aus2tappis;21tappis;x;x;sippat
2;330;3;aus2;tappis;unsafe;l;;6;23303aus2tappis;23tappis;x;x;sippat
2;330;12;aus2;tappis;unsafe;l;;6;233012aus2tappis;212tappis;x;x;sippat
1;456;25;aus2;tappis;unsafe;l;;6;145625aus2tappis;125tappis;x;x;sippat
3;146;21;aus2;ee⸗lippis;unsafe;l;;9;314621aus2ee⸗lippis;321ee⸗lippis;x;x;sippil⸗ee
2;291;20;aus2;pee⸗ſkieris;unsafe;l;;11;229120aus2pee⸗ſkieris;220pee⸗ſkieris;x;x;sireikſ⸗eep
3;199;2;aus2;kahris;unsafe;l;;6;31992aus2kahris;32kahris;x;x;sirhak
2;13;24;aus2;pakahris;unsafe;l;;8;21324aus2pakahris;224pakahris;x;x;sirhakap
1;272;10;aus2;pakahris;unsafe;l;;8;127210aus2pakahris;110pakahris;x;x;sirhakap
3;159;9;aus2;nokahris;unsafe;l;;8;31599aus2nokahris;39nokahris;x;x;sirhakon
1;17;23;aus2;nokahris;unsafe;l;;8;11723aus2nokahris;123nokahris;x;x;sirhakon
2;193;8;aus2;pakehris;unsafe;l;;8;21938aus2pakehris;28pakehris;x;x;sirhekap
1;424;18;aus2;ſpehris;unsafe;l;;7;142418aus2ſpehris;118ſpehris;x;x;sirhepſ
3;182;13;aus2;dſehris;unsafe;l;;7;318213aus2dſehris;313dſehris;x;x;sirheſd
3;24;16;aus2;dſehris;unsafe;l;;7;32416aus2dſehris;316dſehris;x;x;sirheſd
1;335;24;aus2;dſehris;unsafe;l;;7;133524aus2dſehris;124dſehris;x;x;sirheſd
1;287;15;aus2;dſehris;unsafe;l;;7;128715aus2dſehris;115dſehris;x;x;sirheſd
1;287;10;aus2;dſehris;unsafe;l;;7;128710aus2dſehris;110dſehris;x;x;sirheſd
1;148;26;aus2;dſehris;unsafe;l;;7;114826aus2dſehris;126dſehris;x;x;sirheſd
2;299;25;aus2;peedſehris;unsafe;l;;10;229925aus2peedſehris;225peedſehris;x;x;sirheſdeep
2;301;7;aus2;peedſehris;unsafe;l;;10;23017aus2peedſehris;27peedſehris;x;x;sirheſdeep
3;19;30;aus2;ißdſehris;unsafe;l;;9;31930aus2ißdſehris;330ißdſehris;x;x;sirheſdßi
1;335;24;aus2;ißdſehris;unsafe;l;;9;133524aus2ißdſehris;124ißdſehris;x;x;sirheſdßi
3;187;30;aus2;pahr⸗wehris;unsafe;l;;11;318730aus2pahr⸗wehris;330pahr⸗wehris;x;x;sirhew⸗rhap
2;205;25;aus2;ab⸗buhris;unsafe;l;;9;220525aus2ab⸗buhris;225ab⸗buhris;x;x;sirhub⸗ba
1;153;16;aus2;ee⸗duhris;unsafe;l;;9;115316aus2ee⸗duhris;116ee⸗duhris;x;x;sirhud⸗ee
3;131;11;aus2;usduhris;unsafe;l;;8;313111aus2usduhris;311usduhris;x;x;sirhudsu
3;192;5;intr;miris;unsafe;l;;5;31925intrmiris;35miris;x;x;sirim
3;209;8;aus2;mirris;unsafe;l;;6;32098aus2mirris;38mirris;x;x;sirrim
3;207;8;aus2;mirris;unsafe;l;;6;32078aus2mirris;38mirris;x;x;sirrim
3;203;3;aus2;mirris;unsafe;l;;6;32033aus2mirris;33mirris;x;x;sirrim
3;193;17;peri;mirris;unsafe;l;;6;319317perimirris;317mirris;x;x;sirrim
3;187;14;aus2;mirris;unsafe;l;;6;318714aus2mirris;314mirris;x;x;sirrim
3;178;16;aus2;mirris;unsafe;l;;6;317816aus2mirris;316mirris;x;x;sirrim
3;163;6;aus2;mirris;unsafe;l;;6;31636aus2mirris;36mirris;x;x;sirrim
3;163;5;aus2;mirris;unsafe;l;;6;31635aus2mirris;35mirris;x;x;sirrim
3;161;3;aus2;mirris;unsafe;l;;6;31613aus2mirris;33mirris;x;x;sirrim
3;160;31;aus2;mirris;unsafe;l;;6;316031aus2mirris;331mirris;x;x;sirrim
3;159;11;aus2;mirris;unsafe;l;;6;315911aus2mirris;311mirris;x;x;sirrim
3;159;5;aus2;mirris;unsafe;l;;6;31595aus2mirris;35mirris;x;x;sirrim
3;157;28;aus2;mirris;unsafe;l;;6;315728aus2mirris;328mirris;x;x;sirrim
3;145;5;peri;mirris;unsafe;l;;6;31455perimirris;35mirris;x;x;sirrim
3;118;9;intr;mirris;unsafe;l;;6;31189intrmirris;39mirris;x;x;sirrim
3;56;28;aus2;mirris;unsafe;l;;6;35628aus2mirris;328mirris;x;x;sirrim
2;193;12;aus2;mirris;unsafe;l;;6;219312aus2mirris;212mirris;x;x;sirrim
2;139;19;aus2;mirris;unsafe;l;;6;213919aus2mirris;219mirris;x;x;sirrim
1;553;19;aus2;mirris;unsafe;l;;6;155319aus2mirris;119mirris;x;x;sirrim
1;551;18;aus2;mirris;unsafe;l;;6;155118aus2mirris;118mirris;x;x;sirrim
1;536;22;aus2;mirris;unsafe;l;;6;153622aus2mirris;122mirris;x;x;sirrim
1;504;27;aus2;mirris;unsafe;l;;6;150427aus2mirris;127mirris;x;x;sirrim
1;481;5;aus2;mirris;unsafe;l;;6;14815aus2mirris;15mirris;x;x;sirrim
1;438;20;aus2;mirris;unsafe;l;;6;143820aus2mirris;120mirris;x;x;sirrim
1;211;27;aus1;mirris;unsafe;l;;6;121127aus1mirris;127mirris;x;x;sirrim
2;265;5;intr;mirris;unsafe;l;;6;22655intrmirris;25mirris;x;x;sirrim
2;269;2;aus2;mirris;unsafe;l;;6;22692aus2mirris;22mirris;x;x;sirrim
2;269;28;aus2;mirris;unsafe;l;;6;226928aus2mirris;228mirris;x;x;sirrim
2;270;3;aus2;mirris;unsafe;l;;6;22703aus2mirris;23mirris;x;x;sirrim
1;457;18;aus2;mirris;unsafe;l;;6;145718aus2mirris;118mirris;x;x;sirrim
1;59;1;aus2;mirris;unsafe;l;;6;1591aus2mirris;11mirris;x;x;sirrim
1;34;2;aus2;mirris;unsafe;l;;6;1342aus2mirris;12mirris;x;x;sirrim
1;486;16;aus2;mirris;unsafe;l;;6;148616aus2mirris;116mirris;x;x;sirrim
3;174;22;aus2;mirris;unsafe;l;;6;317422aus2mirris;322mirris;x;x;sirrim
1;236;31;aus2;mirris;unsafe;l;;6;123631aus2mirris;131mirris;x;x;sirrim
3;99;6;aus2;pa⸗mirris;unsafe;l;;9;3996aus2pa⸗mirris;36pa⸗mirris;x;x;sirrim⸗ap
3;216;19;aus2;nomirris;unsafe;l;;8;321619aus2nomirris;319nomirris;x;x;sirrimon
3;216;6;aus2;nomirris;unsafe;l;;8;32166aus2nomirris;36nomirris;x;x;sirrimon
3;208;29;aus2;nomirris;unsafe;l;;8;320829aus2nomirris;329nomirris;x;x;sirrimon
3;208;25;aus2;nomirris;unsafe;l;;8;320825aus2nomirris;325nomirris;x;x;sirrimon
3;208;15;aus2;nomirris;unsafe;l;;8;320815aus2nomirris;315nomirris;x;x;sirrimon
3;201;19;aus2;nomirris;unsafe;l;;8;320119aus2nomirris;319nomirris;x;x;sirrimon
3;199;25;aus2;nomirris;unsafe;l;;8;319925aus2nomirris;325nomirris;x;x;sirrimon
3;197;31;aus2;nomirris;unsafe;l;;8;319731aus2nomirris;331nomirris;x;x;sirrimon
3;197;28;aus2;nomirris;unsafe;l;;8;319728aus2nomirris;328nomirris;x;x;sirrimon
3;197;20;aus1;nomirris;unsafe;l;;8;319720aus1nomirris;320nomirris;x;x;sirrimon
3;197;17;aus1;nomirris;unsafe;l;;8;319717aus1nomirris;317nomirris;x;x;sirrimon
3;197;12;aus1;nomirris;unsafe;l;;8;319712aus1nomirris;312nomirris;x;x;sirrimon
3;194;13;peri;nomirris;unsafe;l;;8;319413perinomirris;313nomirris;x;x;sirrimon
3;194;12;peri;nomirris;unsafe;l;;8;319412perinomirris;312nomirris;x;x;sirrimon
3;191;2;aus2;nomirris;unsafe;l;;8;31912aus2nomirris;32nomirris;x;x;sirrimon
3;185;4;aus2;nomirris;unsafe;l;;8;31854aus2nomirris;34nomirris;x;x;sirrimon
3;184;16;aus2;nomirris;unsafe;l;;8;318416aus2nomirris;316nomirris;x;x;sirrimon
3;163;24;aus2;nomirris;unsafe;l;;8;316324aus2nomirris;324nomirris;x;x;sirrimon
3;163;19;aus2;nomirris;unsafe;l;;8;316319aus2nomirris;319nomirris;x;x;sirrimon
3;163;17;aus2;nomirris;unsafe;l;;8;316317aus2nomirris;317nomirris;x;x;sirrimon
3;161;15;aus2;nomirris;unsafe;l;;8;316115aus2nomirris;315nomirris;x;x;sirrimon
3;159;16;aus2;nomirris;unsafe;l;;8;315916aus2nomirris;316nomirris;x;x;sirrimon
3;159;16;aus2;nomirris;unsafe;l;;8;315916aus2nomirris;316nomirris;x;x;sirrimon
3;159;9;aus2;nomirris;unsafe;l;;8;31599aus2nomirris;39nomirris;x;x;sirrimon
3;147;11;aus2;nomirris;unsafe;l;;8;314711aus2nomirris;311nomirris;x;x;sirrimon
3;146;10;aus1;nomirris;unsafe;l;;8;314610aus1nomirris;310nomirris;x;x;sirrimon
3;116;27;aus2;nomirris;unsafe;l;;8;311627aus2nomirris;327nomirris;x;x;sirrimon
3;7;27;aus1;nomirris;unsafe;l;;8;3727aus1nomirris;327nomirris;x;x;sirrimon
2;229;31;aus2;nomirris;unsafe;l;;8;222931aus2nomirris;231nomirris;x;x;sirrimon
2;220;27;aus2;nomirris;unsafe;l;;8;222027aus2nomirris;227nomirris;x;x;sirrimon
2;120;8;aus2;nomirris;unsafe;l;;8;21208aus2nomirris;28nomirris;x;x;sirrimon
2;57;3;aus2;nomirris;unsafe;l;;8;2573aus2nomirris;23nomirris;x;x;sirrimon
1;554;12;aus2;nomirris;unsafe;l;;8;155412aus2nomirris;112nomirris;x;x;sirrimon
1;509;20;aus2;nomirris;unsafe;l;;8;150920aus2nomirris;120nomirris;x;x;sirrimon
1;506;20;aus2;nomirris;unsafe;l;;8;150620aus2nomirris;120nomirris;x;x;sirrimon
1;465;21;aus2;nomirris;unsafe;l;;8;146521aus2nomirris;121nomirris;x;x;sirrimon
1;463;6;aus1;nomirris;unsafe;l;;8;14636aus1nomirris;16nomirris;x;x;sirrimon
1;423;27;aus2;nomirris;unsafe;l;;8;142327aus2nomirris;127nomirris;x;x;sirrimon
1;415;2;aus2;nomirris;unsafe;l;;8;14152aus2nomirris;12nomirris;x;x;sirrimon
1;412;30;aus2;nomirris;unsafe;l;;8;141230aus2nomirris;130nomirris;x;x;sirrimon
1;396;14;aus2;nomirris;unsafe;l;;8;139614aus2nomirris;114nomirris;x;x;sirrimon
1;395;26;aus2;nomirris;unsafe;l;;8;139526aus2nomirris;126nomirris;x;x;sirrimon
1;340;8;peri;nomirris;unsafe;l;;8;13408perinomirris;18nomirris;x;x;sirrimon
1;340;5;peri;nomirris;unsafe;l;;8;13405perinomirris;15nomirris;x;x;sirrimon
1;269;2;aus1;nomirris;unsafe;l;;8;12692aus1nomirris;12nomirris;x;x;sirrimon
1;268;6;aus1;nomirris;unsafe;l;;8;12686aus1nomirris;16nomirris;x;x;sirrimon
1;264;8;aus2;nomirris;unsafe;l;;8;12648aus2nomirris;18nomirris;x;x;sirrimon
1;211;31;aus1;nomirris;unsafe;l;;8;121131aus1nomirris;131nomirris;x;x;sirrimon
1;167;26;aus2;nomirris;unsafe;l;;8;116726aus2nomirris;126nomirris;x;x;sirrimon
1;162;8;aus2;nomirris;unsafe;l;;8;11628aus2nomirris;18nomirris;x;x;sirrimon
1;154;28;aus2;nomirris;unsafe;l;;8;115428aus2nomirris;128nomirris;x;x;sirrimon
1;122;8;aus2;nomirris;unsafe;l;;8;11228aus2nomirris;18nomirris;x;x;sirrimon
1;107;6;aus2;nomirris;unsafe;l;;8;11076aus2nomirris;16nomirris;x;x;sirrimon
1;22;29;aus2;nomirris;unsafe;l;;8;12229aus2nomirris;129nomirris;x;x;sirrimon
1;21;20;aus2;nomirris;unsafe;l;;8;12120aus2nomirris;120nomirris;x;x;sirrimon
1;17;26;aus2;nomirris;unsafe;l;;8;11726aus2nomirris;126nomirris;x;x;sirrimon
2;261;8;aus2;nomirris;unsafe;l;;8;22618aus2nomirris;28nomirris;x;x;sirrimon
2;269;22;aus2;nomirris;unsafe;l;;8;226922aus2nomirris;222nomirris;x;x;sirrimon
2;270;15;aus2;nomirris;unsafe;l;;8;227015aus2nomirris;215nomirris;x;x;sirrimon
2;271;13;aus2;nomirris;unsafe;l;;8;227113aus2nomirris;213nomirris;x;x;sirrimon
2;330;17;aus2;nomirris;unsafe;l;;8;233017aus2nomirris;217nomirris;x;x;sirrimon
2;339;21;aus2;nomirris;unsafe;l;;8;233921aus2nomirris;221nomirris;x;x;sirrimon
2;360;10;aus2;nomirris;unsafe;l;;8;236010aus2nomirris;210nomirris;x;x;sirrimon
3;166;19;aus1;nomirris;unsafe;l;;8;316619aus1nomirris;319nomirris;x;x;sirrimon
1;472;21;aus2;Nomirris;unsafe;u;;8;147221aus2Nomirris;121Nomirris;x;x;sirrimoN
3;211;27;aus2;nomirris;unsafe;l;;8;321127aus2nomirris;327nomirris;x;x;sirrimon
3;7;22;aus1;nomirris;unsafe;l;;8;3722aus1nomirris;322nomirris;x;x;sirrimon
2;234;21;aus2;puß⸗nomirris;unsafe;l;;12;223421aus2puß⸗nomirris;221puß⸗nomirris;x;x;sirrimon⸗ßup
3;50;21;aus2;Naſis;unsafe;u;??;5;35021aus2Naſis;321Naſis;x;x;siſaN
3;42;21;aus2;Naſis;unsafe;u;??;5;34221aus2Naſis;321Naſis;x;x;siſaN
1;549;13;aus2;dſis;unsafe;l;;4;154913aus2dſis;113dſis;x;x;siſd
1;343;17;aus2;dſis;unsafe;l;;4;134317aus2dſis;117dſis;x;x;siſd
1;104;23;aus2;dſis;unsafe;l;;4;110423aus2dſis;123dſis;x;x;siſd
2;423;15;aus2;dſis;unsafe;l;;4;242315aus2dſis;215dſis;x;x;siſd
2;202;13;aus2;ſadſis;unsafe;l;;6;220213aus2ſadſis;213ſadſis;x;x;siſdaſ
2;264;22;aus2;ſadſis;unsafe;l;;6;226422aus2ſadſis;222ſadſis;x;x;siſdaſ
2;230;22;aus2;ſadſis;unsafe;l;;6;223022aus2ſadſis;222ſadſis;x;x;siſdaſ
2;182;29;aus2;attſadſis;unsafe;l;;9;218229aus2attſadſis;229attſadſis;x;x;siſdaſtta
2;302;4;aus2;ee⸗ſtiddſis;unsafe;l;;11;23024aus2ee⸗ſtiddſis;24ee⸗ſtiddſis;x;x;siſdditſ⸗ee
2;255;12;aus2;leedſis;unsafe;l;;7;225512aus2leedſis;212leedſis;x;x;siſdeel
2;120;13;aus2;leedſis;unsafe;l;;7;212013aus2leedſis;213leedſis;x;x;siſdeel
2;264;21;aus2;leedſis;unsafe;l;;7;226421aus2leedſis;221leedſis;x;x;siſdeel
2;412;4;aus2;leedſis;unsafe;l;;7;24124aus2leedſis;24leedſis;x;x;siſdeel
2;119;31;aus2;ais⸗leedſis;unsafe;l;;11;211931aus2ais⸗leedſis;231ais⸗leedſis;x;x;siſdeel⸗sia
1;285;29;aus2;ais⸗leedſis;unsafe;l;;11;128529aus2ais⸗leedſis;129ais⸗leedſis;x;x;siſdeel⸗sia
1;285;27;aus2;ais⸗leedſis;unsafe;l;;11;128527aus2ais⸗leedſis;127ais⸗leedſis;x;x;siſdeel⸗sia
3;101;15;aus2;aisleedſis;unsafe;l;;10;310115aus2aisleedſis;315aisleedſis;x;x;siſdeelsia
3;68;17;aus1;aisleedſis;unsafe;l;;10;36817aus1aisleedſis;317aisleedſis;x;x;siſdeelsia
3;9;16;aus2;aisleedſis;unsafe;l;;10;3916aus2aisleedſis;316aisleedſis;x;x;siſdeelsia
1;46;7;aus2;aisleedſis;unsafe;l;;10;1467aus2aisleedſis;17aisleedſis;x;x;siſdeelsia
2;302;23;aus2;aisleedſis;unsafe;l;;10;230223aus2aisleedſis;223aisleedſis;x;x;siſdeelsia
2;228;18;aus2;attſneedſis;unsafe;l;;11;222818aus2attſneedſis;218attſneedſis;x;x;siſdeenſtta
3;49;9;aus2;ſeedſis;unsafe;l;;7;3499aus2ſeedſis;39ſeedſis;x;x;siſdeeſ
2;78;3;aus2;no⸗ſeedſis;unsafe;l;;10;2783aus2no⸗ſeedſis;23no⸗ſeedſis;x;x;siſdeeſ⸗on
3;96;29;aus2;noſeedſis;unsafe;l;;9;39629aus2noſeedſis;329noſeedſis;x;x;siſdeeſon
3;91;5;aus2;noſeedſis;unsafe;l;;9;3915aus2noſeedſis;35noſeedſis;x;x;siſdeeſon
3;77;30;aus1;noſeedſis;unsafe;l;;9;37730aus1noſeedſis;330noſeedſis;x;x;siſdeeſon
3;72;9;aus1;noſeedſis;unsafe;l;;9;3729aus1noſeedſis;39noſeedſis;x;x;siſdeeſon
3;57;5;aus2;noſeedſis;unsafe;l;;9;3575aus2noſeedſis;35noſeedſis;x;x;siſdeeſon
3;30;18;aus2;noſeedſis;unsafe;l;;9;33018aus2noſeedſis;318noſeedſis;x;x;siſdeeſon
3;27;22;aus2;noſeedſis;unsafe;l;;9;32722aus2noſeedſis;322noſeedſis;x;x;siſdeeſon
1;468;17;aus2;noſeedſis;unsafe;l;;9;146817aus2noſeedſis;117noſeedſis;x;x;siſdeeſon
2;324;27;aus2;noſeedſis;unsafe;l;;9;232427aus2noſeedſis;227noſeedſis;x;x;siſdeeſon
2;382;20;aus2;noſeedſis;unsafe;l;;9;238220aus2noſeedſis;220noſeedſis;x;x;siſdeeſon
1;277;11;aus2;nhe⸗noſeedſis;unsafe;l;;13;127711aus2nhe⸗noſeedſis;111nhe⸗noſeedſis;x;x;siſdeeſon⸗ehn
3;157;22;aus2;nhenoſeedſis;unsafe;l;;12;315722aus2nhenoſeedſis;322nhenoſeedſis;x;x;siſdeeſonehn
3;20;6;aus2;nhenoſeedſis;unsafe;l;;12;3206aus2nhenoſeedſis;36nhenoſeedſis;x;x;siſdeeſonehn
1;345;26;aus2;nhenoſeedſis;unsafe;l;;12;134526aus2nhenoſeedſis;126nhenoſeedſis;x;x;siſdeeſonehn
1;259;25;aus2;diedſis;unsafe;l;dīgt;7;125925aus2diedſis;125diedſis;x;x;siſdeid
1;454;25;aus2;ee⸗ẜledſis;unsafe;l;;10;145425aus2ee⸗ẜledſis;125ee⸗ẜledſis;x;x;siſdelẜ⸗ee
1;400;7;aus2;nhenoſedſis;unsafe;l;;11;14007aus2nhenoſedſis;17nhenoſedſis;x;x;siſdeſonehn
3;119;1;peri;ſprahdſis;unsafe;l;;9;31191periſprahdſis;31ſprahdſis;x;x;siſdharpſ
3;79;15;peri;ſprahdſis;unsafe;l;;9;37915periſprahdſis;315ſprahdſis;x;x;siſdharpſ
1;293;8;aus2;ſprahdſis;unsafe;l;;9;12938aus2ſprahdſis;18ſprahdſis;x;x;siſdharpſ
1;119;11;aus2;ſprahdſis;unsafe;l;;9;111911aus2ſprahdſis;111ſprahdſis;x;x;siſdharpſ
1;481;30;aus2;behdſis;unsafe;l;;7;148130aus2behdſis;130behdſis;x;x;siſdheb
1;100;13;aus1;behdſis;unsafe;l;;7;110013aus1behdſis;113behdſis;x;x;siſdheb
1;99;5;intr;behdſis;unsafe;l;;7;1995intrbehdſis;15behdſis;x;x;siſdheb
2;80;5;aus2;pa⸗behdſis;unsafe;l;;10;2805aus2pa⸗behdſis;25pa⸗behdſis;x;x;siſdheb⸗ap
3;170;8;aus2;ee⸗ẜlehdſis;unsafe;l;;11;31708aus2ee⸗ẜlehdſis;38ee⸗ẜlehdſis;x;x;siſdhelẜ⸗ee
1;258;1;aus2;ee⸗ẜlehdſis;unsafe;l;;11;12581aus2ee⸗ẜlehdſis;11ee⸗ẜlehdſis;x;x;siſdhelẜ⸗ee
1;275;14;aus2;ais⸗ẜlehdſis;unsafe;l;;12;127514aus2ais⸗ẜlehdſis;114ais⸗ẜlehdſis;x;x;siſdhelẜ⸗sia
3;171;14;aus2;luhdſis;unsafe;l;;7;317114aus2luhdſis;314luhdſis;x;x;siſdhul
3;160;27;aus2;luhdſis;unsafe;l;;7;316027aus2luhdſis;327luhdſis;x;x;siſdhul
3;68;19;aus1;luhdſis;unsafe;l;;7;36819aus1luhdſis;319luhdſis;x;x;siſdhul
1;501;17;aus1;luhdſis;unsafe;l;;7;150117aus1luhdſis;117luhdſis;x;x;siſdhul
1;497;14;aus2;luhdſis;unsafe;l;;7;149714aus2luhdſis;114luhdſis;x;x;siſdhul
1;486;1;aus2;luhdſis;unsafe;l;;7;14861aus2luhdſis;11luhdſis;x;x;siſdhul
1;381;26;aus1;luhdſis;unsafe;l;;7;138126aus1luhdſis;126luhdſis;x;x;siſdhul
1;371;15;aus2;luhdſis;unsafe;l;;7;137115aus2luhdſis;115luhdſis;x;x;siſdhul
2;262;27;aus2;luhdſis;unsafe;l;;7;226227aus2luhdſis;227luhdſis;x;x;siſdhul
2;298;15;aus2;luhdſis;unsafe;l;;7;229815aus2luhdſis;215luhdſis;x;x;siſdhul
2;300;10;aus2;luhdſis;unsafe;l;;7;230010aus2luhdſis;210luhdſis;x;x;siſdhul
2;301;22;aus2;luhdſis;unsafe;l;;7;230122aus2luhdſis;222luhdſis;x;x;siſdhul
2;309;17;aus2;luhdſis;unsafe;l;;7;230917aus2luhdſis;217luhdſis;x;x;siſdhul
2;428;26;aus2;luhdſis;unsafe;l;;7;242826aus2luhdſis;226luhdſis;x;x;siſdhul
1;92;31;aus2;peeluhdſis;unsafe;l;;10;19231aus2peeluhdſis;131peeluhdſis;x;x;siſdhuleep
2;374;12;aus2;peluhdſis;unsafe;l;;9;237412aus2peluhdſis;212peluhdſis;x;x;siſdhulep
2;51;20;aus2;attluhdſis;unsafe;l;;10;25120aus2attluhdſis;220attluhdſis;x;x;siſdhultta
3;159;12;aus2;pabeidſis;unsafe;l;;9;315912aus2pabeidſis;312pabeidſis;x;x;siſdiebap
2;100;23;aus1;pabeidſis;unsafe;l;;9;210023aus1pabeidſis;223pabeidſis;x;x;siſdiebap
3;26;24;aus2;nobeidſis;unsafe;l;;9;32624aus2nobeidſis;324nobeidſis;x;x;siſdiebon
3;210;13;aus2;aismidſis;unsafe;l;;9;321013aus2aismidſis;313aismidſis;x;x;siſdimsia
1;208;11;aus2;aismidſis;unsafe;l;;9;120811aus2aismidſis;111aismidſis;x;x;siſdimsia
1;194;13;aus2;aismidſis;unsafe;l;;9;119413aus2aismidſis;113aismidſis;x;x;siſdimsia
1;193;8;aus2;aismidſis;unsafe;l;;9;11938aus2aismidſis;18aismidſis;x;x;siſdimsia
1;192;4;aus2;aismidſis;unsafe;l;;9;11924aus2aismidſis;14aismidſis;x;x;siſdimsia
1;189;4;aus2;aismidſis;unsafe;l;;9;11894aus2aismidſis;14aismidſis;x;x;siſdimsia
3;159;16;aus2;aißmidſis;unsafe;l;;9;315916aus2aißmidſis;316aißmidſis;x;x;siſdimßia
2;21;4;aus2;ee⸗ſtidſis;unsafe;l;;10;2214aus2ee⸗ſtidſis;24ee⸗ſtidſis;x;x;siſditſ⸗ee
1;524;2;aus2;ee⸗ſtidſis;unsafe;l;;10;15242aus2ee⸗ſtidſis;12ee⸗ſtidſis;x;x;siſditſ⸗ee
2;297;9;aus1;ee⸗ſtidſis;unsafe;l;;10;22979aus1ee⸗ſtidſis;29ee⸗ſtidſis;x;x;siſditſ⸗ee
2;394;16;aus2;ẜirrdſis;unsafe;l;;8;239416aus2ẜirrdſis;216ẜirrdſis;x;x;siſdrriẜ
1;386;29;aus2;audſis;unsafe;l;;6;138629aus2audſis;129audſis;x;x;siſdua
1;104;20;aus2;audſis;unsafe;l;;6;110420aus2audſis;120audſis;x;x;siſdua
1;524;8;aus2;pee⸗audſis;unsafe;l;;10;15248aus2pee⸗audſis;18pee⸗audſis;x;x;siſdua⸗eep
1;361;13;aus2;iß⸗audſis;unsafe;l;;9;136113aus2iß⸗audſis;113iß⸗audſis;x;x;siſdua⸗ßi
1;154;7;aus2;us⸗audſis;unsafe;l;;9;11547aus2us⸗audſis;17us⸗audſis;x;x;siſdua⸗su
1;316;23;aus2;ais⸗ſchmaudſis;unsafe;l;;14;131623aus2ais⸗ſchmaudſis;123ais⸗ſchmaudſis;x;x;siſduamhcſ⸗sia
3;175;8;aus2;usaudſis;unsafe;l;;8;31758aus2usaudſis;38usaudſis;x;x;siſduasu
1;259;25;aus2;usaudſis;unsafe;l;;8;125925aus2usaudſis;125usaudſis;x;x;siſduasu
1;548;19;aus2;ghreeſis;unsafe;l;;8;154819aus2ghreeſis;119ghreeſis;x;x;siſeerhg
2;215;27;aus2;ais⸗bahſis;unsafe;l;;10;221527aus2ais⸗bahſis;227ais⸗bahſis;x;x;siſhab⸗sia
2;318;3;peri;aisbahſis;unsafe;l;;9;23183periaisbahſis;23aisbahſis;x;x;siſhabsia
2;321;18;aus2;aisbahſis;unsafe;l;;9;232118aus2aisbahſis;218aisbahſis;x;x;siſhabsia
3;183;14;aus2;usbahſis;unsafe;l;;8;318314aus2usbahſis;314usbahſis;x;x;siſhabsu
2;66;29;aus2;mehſis;unsafe;l;;6;26629aus2mehſis;229mehſis;x;x;siſhem
1;152;7;aus2;apjohẜis;unsafe;l;;8;11527aus2apjohẜis;17apjohẜis;x;x;siẜhojpa
2;52;23;aus2;aismirẜis;unsafe;l;;9;25223aus2aismirẜis;223aismirẜis;x;x;siẜrimsia
2;6;25;aus2;ais⸗mirrẜis;unsafe;l;;11;2625aus2ais⸗mirrẜis;225ais⸗mirrẜis;x;x;siẜrrim⸗sia
3;42;16;aus2;aismirrẜis;unsafe;l;;10;34216aus2aismirrẜis;316aismirrẜis;x;x;siẜrrimsia
1;426;11;aus2;aismirrẜis;unsafe;l;;10;142611aus2aismirrẜis;111aismirrẜis;x;x;siẜrrimsia
3;103;19;aus2;neſẜis;unsafe;l;;6;310319aus2neſẜis;319neſẜis;x;x;siẜſen
3;24;31;aus2;neſẜis;unsafe;l;;6;32431aus2neſẜis;331neſẜis;x;x;siẜſen
3;21;23;aus2;neſẜis;unsafe;l;;6;32123aus2neſẜis;323neſẜis;x;x;siẜſen
2;67;6;aus2;neſẜis;unsafe;l;;6;2676aus2neſẜis;26neſẜis;x;x;siẜſen
1;555;19;aus2;neſẜis;unsafe;l;;6;155519aus2neſẜis;119neſẜis;x;x;siẜſen
1;412;29;aus2;neſẜis;unsafe;l;;6;141229aus2neſẜis;129neſẜis;x;x;siẜſen
1;161;5;aus2;neſẜis;unsafe;l;;6;11615aus2neſẜis;15neſẜis;x;x;siẜſen
1;53;16;aus2;neſẜis;unsafe;l;;6;15316aus2neſẜis;116neſẜis;x;x;siẜſen
2;67;17;aus2;pahr⸗neſẜis;unsafe;l;;11;26717aus2pahr⸗neſẜis;217pahr⸗neſẜis;x;x;siẜſen⸗rhap
3;215;12;aus2;ißneſẜis;unsafe;l;;8;321512aus2ißneſẜis;312ißneſẜis;x;x;siẜſenßi
3;22;18;aus2;attneſẜis;unsafe;l;;9;32218aus2attneſẜis;318attneſẜis;x;x;siẜſentta
2;86;12;aus2;attneſẜis;unsafe;l;;9;28612aus2attneſẜis;212attneſẜis;x;x;siẜſentta
1;429;21;aus2;attneſẜis;unsafe;l;;9;142921aus2attneſẜis;121attneſẜis;x;x;siẜſentta
1;360;12;aus2;attneſẜis;unsafe;l;;9;136012aus2attneſẜis;112attneſẜis;x;x;siẜſentta
1;234;3;aus2;attneſẜis;unsafe;l;;9;12343aus2attneſẜis;13attneſẜis;x;x;siẜſentta
1;191;3;aus2;peekuſẜis;unsafe;l;;9;11913aus2peekuſẜis;13peekuſẜis;x;x;siẜſukeep
1;189;3;aus2;peekuſẜis;unsafe;l;;9;11893aus2peekuſẜis;13peekuſẜis;x;x;siẜſukeep
1;81;28;aus2;peekuſẜis;unsafe;l;;9;18128aus2peekuſẜis;128peekuſẜis;x;x;siẜſukeep
1;424;10;aus2;lauſis;unsafe;l;lauzt;6;142410aus2lauſis;110lauſis;x;x;siſual
1;424;10;aus2;lauſis;unsafe;l;lauzt;6;142410aus2lauſis;110lauſis;x;x;siſual
1;288;13;aus2;lauſis;unsafe;l;lauzt;6;128813aus2lauſis;113lauſis;x;x;siſual
3;202;8;aus2;Ʒeetis;unsafe;u;?;6;32028aus2Ʒeetis;38Ʒeetis;x;x;siteeƷ
3;200;10;aus2;Ʒeetis;unsafe;u;?;6;320010aus2Ʒeetis;310Ʒeetis;x;x;siteeƷ
3;184;7;aus2;Ʒeetis;unsafe;u;?;6;31847aus2Ʒeetis;37Ʒeetis;x;x;siteeƷ
3;182;17;aus2;Ʒeetis;unsafe;u;?;6;318217aus2Ʒeetis;317Ʒeetis;x;x;siteeƷ
3;146;5;aus1;Ʒeetis;unsafe;u;?;6;31465aus1Ʒeetis;35Ʒeetis;x;x;siteeƷ
3;145;22;aus1;Ʒeetis;unsafe;u;?;6;314522aus1Ʒeetis;322Ʒeetis;x;x;siteeƷ
3;106;6;aus2;Ʒeetis;unsafe;u;?;6;31066aus2Ʒeetis;36Ʒeetis;x;x;siteeƷ
3;106;3;aus2;Ʒeetis;unsafe;u;?;6;31063aus2Ʒeetis;33Ʒeetis;x;x;siteeƷ
3;50;8;aus2;Ʒeetis;unsafe;u;?;6;3508aus2Ʒeetis;38Ʒeetis;x;x;siteeƷ
3;31;2;aus2;Ʒeetis;unsafe;u;?;6;3312aus2Ʒeetis;32Ʒeetis;x;x;siteeƷ
3;30;19;aus2;Ʒeetis;unsafe;u;?;6;33019aus2Ʒeetis;319Ʒeetis;x;x;siteeƷ
3;27;21;aus2;Ʒeetis;unsafe;u;?;6;32721aus2Ʒeetis;321Ʒeetis;x;x;siteeƷ
3;27;16;aus2;Ʒeetis;unsafe;u;?;6;32716aus2Ʒeetis;316Ʒeetis;x;x;siteeƷ
3;27;7;aus2;Ʒeetis;unsafe;u;?;6;3277aus2Ʒeetis;37Ʒeetis;x;x;siteeƷ
3;27;2;aus2;Ʒeetis;unsafe;u;?;6;3272aus2Ʒeetis;32Ʒeetis;x;x;siteeƷ
3;24;28;aus2;Ʒeetis;unsafe;u;?;6;32428aus2Ʒeetis;328Ʒeetis;x;x;siteeƷ
3;24;17;aus2;Ʒeetis;unsafe;u;?;6;32417aus2Ʒeetis;317Ʒeetis;x;x;siteeƷ
3;23;29;aus2;Ʒeetis;unsafe;u;?;6;32329aus2Ʒeetis;329Ʒeetis;x;x;siteeƷ
3;21;30;aus2;Ʒeetis;unsafe;u;?;6;32130aus2Ʒeetis;330Ʒeetis;x;x;siteeƷ
3;19;17;aus2;Ʒeetis;unsafe;u;?;6;31917aus2Ʒeetis;317Ʒeetis;x;x;siteeƷ
3;18;16;aus2;Ʒeetis;unsafe;u;?;6;31816aus2Ʒeetis;316Ʒeetis;x;x;siteeƷ
3;17;22;aus2;Ʒeetis;unsafe;u;?;6;31722aus2Ʒeetis;322Ʒeetis;x;x;siteeƷ
3;17;8;aus2;Ʒeetis;unsafe;u;?;6;3178aus2Ʒeetis;38Ʒeetis;x;x;siteeƷ
3;7;21;aus1;Ʒeetis;unsafe;u;?;6;3721aus1Ʒeetis;321Ʒeetis;x;x;siteeƷ
2;208;15;aus2;Ʒeetis;unsafe;u;?;6;220815aus2Ʒeetis;215Ʒeetis;x;x;siteeƷ
2;154;31;aus2;Ʒeetis;unsafe;u;?;6;215431aus2Ʒeetis;231Ʒeetis;x;x;siteeƷ
1;554;5;aus2;Ʒeetis;unsafe;u;?;6;15545aus2Ʒeetis;15Ʒeetis;x;x;siteeƷ
1;509;31;aus2;Ʒeetis;unsafe;u;?;6;150931aus2Ʒeetis;131Ʒeetis;x;x;siteeƷ
1;509;27;aus2;Ʒeetis;unsafe;u;?;6;150927aus2Ʒeetis;127Ʒeetis;x;x;siteeƷ
1;509;19;aus2;Ʒeetis;unsafe;u;?;6;150919aus2Ʒeetis;119Ʒeetis;x;x;siteeƷ
1;506;20;aus2;Ʒeetis;unsafe;u;?;6;150620aus2Ʒeetis;120Ʒeetis;x;x;siteeƷ
1;471;3;aus2;Ʒeetis;unsafe;u;?;6;14713aus2Ʒeetis;13Ʒeetis;x;x;siteeƷ
1;467;3;aus2;Ʒeetis;unsafe;u;?;6;14673aus2Ʒeetis;13Ʒeetis;x;x;siteeƷ
1;465;29;aus2;Ʒeetis;unsafe;u;?;6;146529aus2Ʒeetis;129Ʒeetis;x;x;siteeƷ
1;465;22;aus2;Ʒeetis;unsafe;u;?;6;146522aus2Ʒeetis;122Ʒeetis;x;x;siteeƷ
1;465;17;aus2;Ʒeetis;unsafe;u;?;6;146517aus2Ʒeetis;117Ʒeetis;x;x;siteeƷ
1;465;17;aus2;Ʒeetis;unsafe;u;?;6;146517aus2Ʒeetis;117Ʒeetis;x;x;siteeƷ
1;463;5;aus1;Ʒeetis;unsafe;u;?;6;14635aus1Ʒeetis;15Ʒeetis;x;x;siteeƷ
1;398;13;aus2;Ʒeetis;unsafe;u;?;6;139813aus2Ʒeetis;113Ʒeetis;x;x;siteeƷ
1;396;8;aus2;Ʒeetis;unsafe;u;?;6;13968aus2Ʒeetis;18Ʒeetis;x;x;siteeƷ
1;345;28;aus2;Ʒeetis;unsafe;u;?;6;134528aus2Ʒeetis;128Ʒeetis;x;x;siteeƷ
1;279;26;aus2;Ʒeetis;unsafe;u;?;6;127926aus2Ʒeetis;126Ʒeetis;x;x;siteeƷ
1;278;9;aus2;Ʒeetis;unsafe;u;?;6;12789aus2Ʒeetis;19Ʒeetis;x;x;siteeƷ
1;277;15;aus2;Ʒeetis;unsafe;u;?;6;127715aus2Ʒeetis;115Ʒeetis;x;x;siteeƷ
1;277;15;aus2;Ʒeetis;unsafe;u;?;6;127715aus2Ʒeetis;115Ʒeetis;x;x;siteeƷ
1;268;5;aus1;Ʒeetis;unsafe;u;?;6;12685aus1Ʒeetis;15Ʒeetis;x;x;siteeƷ
1;162;8;aus2;Ʒeetis;unsafe;u;?;6;11628aus2Ʒeetis;18Ʒeetis;x;x;siteeƷ
1;58;31;aus2;Ʒeetis;unsafe;u;?;6;15831aus2Ʒeetis;131Ʒeetis;x;x;siteeƷ
1;34;12;aus2;Ʒeetis;unsafe;u;?;6;13412aus2Ʒeetis;112Ʒeetis;x;x;siteeƷ
3;50;7;aus2;ʒeetis;unsafe;l;?;6;3507aus2ʒeetis;37ʒeetis;x;x;siteeʒ
3;186;11;aus2;ʒeetis;unsafe;l;?;6;318611aus2ʒeetis;311ʒeetis;x;x;siteeʒ
3;186;14;aus2;ʒeetis;unsafe;l;?;6;318614aus2ʒeetis;314ʒeetis;x;x;siteeʒ
3;160;18;aus2;ʒeetis;unsafe;l;?;6;316018aus2ʒeetis;318ʒeetis;x;x;siteeʒ
1;34;2;aus2;Ʒeetis;unsafe;u;?;;1342aus2Ʒeetis;12Ʒeetis;x;x;siteeƷ
1;466;10;aus2;ʒeetis;unsafe;l;?;;146610aus2ʒeetis;110ʒeetis;x;x;siteeʒ
1;536;10;aus2;ʒeetis;unsafe;l;?;;153610aus2ʒeetis;110ʒeetis;x;x;siteeʒ
2;234;14;aus2;ʒeetis;unsafe;l;?;;223414aus2ʒeetis;214ʒeetis;x;x;siteeʒ
1;463;23;aus1;ʒeetis;unsafe;l;?;;146323aus1ʒeetis;123ʒeetis;x;x;siteeʒ
1;470;29;aus2;ʒeetis;unsafe;l;?;;147029aus2ʒeetis;129ʒeetis;x;x;siteeʒ
3;131;5;aus2;nowietis;unsafe;l;;8;31315aus2nowietis;35nowietis;x;x;siteiwon
1;317;9;aus2;plehtis;unsafe;l;;7;13179aus2plehtis;19plehtis;x;x;sithelp
1;317;12;aus2;att⸗plehtis;unsafe;l;;11;131712aus2att⸗plehtis;112att⸗plehtis;x;x;sithelp⸗tta
1;305;9;aus2;att⸗plehtis;unsafe;l;;11;13059aus2att⸗plehtis;19att⸗plehtis;x;x;sithelp⸗tta
1;278;21;aus2;ſkaitis;unsafe;l;;7;127821aus2ſkaitis;121ſkaitis;x;x;sitiakſ
3;101;11;aus2;apſkaitis;unsafe;l;;9;310111aus2apſkaitis;311apſkaitis;x;x;sitiakſpa
3;131;7;aus2;kritis;unsafe;l;;6;31317aus2kritis;37kritis;x;x;sitirk
1;503;2;aus2;wehrtis;unsafe;l;;7;15032aus2wehrtis;12wehrtis;x;x;sitrhew
1;152;5;aus2;pahr⸗wehrtis;unsafe;l;;12;11525aus2pahr⸗wehrtis;15pahr⸗wehrtis;x;x;sitrhew⸗rhap
1;474;15;aus2;pahrwehrtis;unsafe;l;;11;147415aus2pahrwehrtis;115pahrwehrtis;x;x;sitrhewrhap
3;35;20;peri;ʒirrtis;unsafe;l;;7;33520periʒirrtis;320ʒirrtis;x;x;sitrriʒ
3;60;17;peri;noʒirrtis;unsafe;l;;9;36017perinoʒirrtis;317noʒirrtis;x;x;sitrriʒon
3;64;15;aus1;noʒirrtis;unsafe;l;;9;36415aus1noʒirrtis;315noʒirrtis;x;x;sitrriʒon
2;119;21;aus2;Weſtis;unsafe;u;??;6;211921aus2Weſtis;221Weſtis;x;x;sitſeW
3;147;9;aus2;mettis;unsafe;l;;6;31479aus2mettis;39mettis;x;x;sittem
3;23;27;aus2;mettis;unsafe;l;;6;32327aus2mettis;327mettis;x;x;sittem
2;127;7;aus2;mettis;unsafe;l;;6;21277aus2mettis;27mettis;x;x;sittem
3;5;24;peri;pamettis;unsafe;l;;8;3524peripamettis;324pamettis;x;x;sittemap
3;148;12;aus2;krittis;unsafe;l;;7;314812aus2krittis;312krittis;x;x;sittirk
3;42;24;aus2;krittis;unsafe;l;;7;34224aus2krittis;324krittis;x;x;sittirk
3;69;23;aus1;ee⸗krittis;unsafe;l;;10;36923aus1ee⸗krittis;323ee⸗krittis;x;x;sittirk⸗ee
2;122;16;aus2;ẜittis;unsafe;l;;6;212216aus2ẜittis;216ẜittis;x;x;sittiẜ
2;36;29;aus2;ẜittis;unsafe;l;;6;23629aus2ẜittis;229ẜittis;x;x;sittiẜ
2;194;30;aus2;ee⸗ſittis;unsafe;l;;9;219430aus2ee⸗ſittis;230ee⸗ſittis;x;x;sittiſ⸗ee
2;234;31;aus2;ee⸗ẜittis;unsafe;l;;9;223431aus2ee⸗ẜittis;231ee⸗ẜittis;x;x;sittiẜ⸗ee
3;23;26;aus2;ẜaẜittis;unsafe;l;;8;32326aus2ẜaẜittis;326ẜaẜittis;x;x;sittiẜaẜ
3;27;4;aus2;juttis;unsafe;l;;6;3274aus2juttis;34juttis;x;x;sittuj
2;120;27;aus2;buis;unsafe;l;fut?;4;212027aus2buis;227buis;x;x;siub
2;270;14;aus2;buis;unsafe;l;fut?;4;227014aus2buis;214buis;x;x;siub
2;299;31;aus2;buis;unsafe;l;fut?;4;229931aus2buis;231buis;x;x;siub
1;336;4;aus2;dabbuis;unsafe;l;fut?;7;13364aus2dabbuis;14dabbuis;x;x;siubbad
1;489;5;aus1;dabbuis;unsafe;l;fut?;7;14895aus1dabbuis;15dabbuis;x;x;siubbad
1;290;9;aus2;dabbuis;unsafe;l;fut?;7;12909aus2dabbuis;19dabbuis;x;x;siubbad
1;212;11;aus1;dabbuis;unsafe;l;fut?;7;121211aus1dabbuis;111dabbuis;x;x;siubbad
1;474;17;aus2;dabbuis;unsafe;l;fut?;7;147417aus2dabbuis;117dabbuis;x;x;siubbad
2;261;23;aus2;dabbuis;unsafe;l;fut?;7;226123aus2dabbuis;223dabbuis;x;x;siubbad
2;263;27;aus2;dabbuis;unsafe;l;fut?;7;226327aus2dabbuis;227dabbuis;x;x;siubbad
2;227;28;aus2;dabbuis;unsafe;l;fut?;7;222728aus2dabbuis;228dabbuis;x;x;siubbad
1;524;29;aus2;Dabbuis;unsafe;u;fut?;7;152429aus2Dabbuis;129Dabbuis;x;x;siubbaD
2;118;29;aus2;dabbuis;unsafe;l;fut?;7;211829aus2dabbuis;229dabbuis;x;x;siubbad
2;357;13;peri;kluis;unsafe;l;kļūt;5;235713perikluis;213kluis;x;x;siulk
3;211;9;aus2;kļuis;unsafe;l;kļūt;5;32119aus2kļuis;39kļuis;x;x;siuļk
3;146;29;aus2;kļuis;unsafe;l;kļūt;5;314629aus2kļuis;329kļuis;x;x;siuļk
1;509;2;aus2;kļuis;unsafe;l;kļūt;5;15092aus2kļuis;12kļuis;x;x;siuļk
1;501;15;aus1;kļuis;unsafe;l;kļūt;5;150115aus1kļuis;115kļuis;x;x;siuļk
1;390;11;aus2;kļuis;unsafe;l;kļūt;5;139011aus2kļuis;111kļuis;x;x;siuļk
1;360;30;aus2;kļuis;unsafe;l;kļūt;5;136030aus2kļuis;130kļuis;x;x;siuļk
3;201;28;aus2;noẜchawis;unsafe;l;;9;320128aus2noẜchawis;328noẜchawis;x;x;siwahcẜon
2;81;16;aus2;ghrawis;unsafe;l;;7;28116aus2ghrawis;216ghrawis;x;x;siwarhg
3;194;5;peri;dewis;unsafe;l;;5;31945peridewis;35dewis;x;x;siwed
3;16;14;aus2;dewis;unsafe;l;;5;31614aus2dewis;314dewis;x;x;siwed
3;16;6;aus2;dewis;unsafe;l;;5;3166aus2dewis;36dewis;x;x;siwed
3;6;19;peri;dewis;unsafe;l;;5;3619peridewis;319dewis;x;x;siwed
3;5;24;peri;dewis;unsafe;l;;5;3524peridewis;324dewis;x;x;siwed
3;5;8;peri;dewis;unsafe;l;;5;358peridewis;38dewis;x;x;siwed
2;144;9;aus2;dewis;unsafe;l;;5;21449aus2dewis;29dewis;x;x;siwed
1;554;3;aus2;dewis;unsafe;l;;5;15543aus2dewis;13dewis;x;x;siwed
1;448;25;aus1;dewis;unsafe;l;;5;144825aus1dewis;125dewis;x;x;siwed
1;153;31;aus2;dewis;unsafe;l;;5;115331aus2dewis;131dewis;x;x;siwed
1;56;15;aus2;dewis;unsafe;l;;5;15615aus2dewis;115dewis;x;x;siwed
2;334;21;peri;dewis;unsafe;l;;5;233421peridewis;221dewis;x;x;siwed
2;398;20;aus2;dewis;unsafe;l;;5;239820aus2dewis;220dewis;x;x;siwed
2;400;19;aus2;dewis;unsafe;l;;5;240019aus2dewis;219dewis;x;x;siwed
2;421;24;aus2;dewis;unsafe;l;;5;242124aus2dewis;224dewis;x;x;siwed
2;249;28;aus2;peedewis;unsafe;l;;8;224928aus2peedewis;228peedewis;x;x;siwedeep
2;307;8;aus2;peedewis;unsafe;l;;8;23078aus2peedewis;28peedewis;x;x;siwedeep
3;88;6;aus2;nodewis;unsafe;l;;7;3886aus2nodewis;36nodewis;x;x;siwedon
3;86;7;peri;nodewis;unsafe;l;;7;3867perinodewis;37nodewis;x;x;siwedon
1;163;5;aus2;nodewis;unsafe;l;;7;11635aus2nodewis;15nodewis;x;x;siwedon
2;202;25;aus2;ap⸗ahwis;unsafe;l;;8;220225aus2ap⸗ahwis;225ap⸗ahwis;x;x;siwha⸗pa
3;129;1;aus2;nokahwis;unsafe;l;;8;31291aus2nokahwis;31nokahwis;x;x;siwhakon
3;128;21;aus2;nokahwis;unsafe;l;;8;312821aus2nokahwis;321nokahwis;x;x;siwhakon
2;230;18;aus2;nokahwis;unsafe;l;;8;223018aus2nokahwis;218nokahwis;x;x;siwhakon
2;120;26;aus2;nokahwis;unsafe;l;;8;212026aus2nokahwis;226nokahwis;x;x;siwhakon
2;117;4;aus2;nokahwis;unsafe;l;;8;21174aus2nokahwis;24nokahwis;x;x;siwhakon
2;115;29;aus2;nokahwis;unsafe;l;;8;211529aus2nokahwis;229nokahwis;x;x;siwhakon
1;247;18;aus2;nokahwis;unsafe;l;;8;124718aus2nokahwis;118nokahwis;x;x;siwhakon
2;205;26;aus2;nokahwis;unsafe;l;;8;220526aus2nokahwis;226nokahwis;x;x;siwhakon
1;179;6;aus2;apkahwis;unsafe;l;;8;11796aus2apkahwis;16apkahwis;x;x;siwhakpa
1;298;7;aus1;ļahwis;unsafe;l;;6;12987aus1ļahwis;17ļahwis;x;x;siwhaļ
1;39;16;aus1;pahr⸗rahwis;unsafe;l;;11;13916aus1pahr⸗rahwis;116pahr⸗rahwis;x;x;siwhar⸗rhap
1;155;24;aus2;att⸗rahwis;unsafe;l;;10;115524aus2att⸗rahwis;124att⸗rahwis;x;x;siwhar⸗tta
3;129;24;aus2;ẜaghŗahwis;unsafe;l;;10;312924aus2ẜaghŗahwis;324ẜaghŗahwis;x;x;siwhaŗhgaẜ
2;182;29;aus2;norahwis;unsafe;l;;8;218229aus2norahwis;229norahwis;x;x;siwharon
2;204;15;aus2;attrahwis;unsafe;l;;9;220415aus2attrahwis;215attrahwis;x;x;siwhartta
2;190;15;aus2;attrahwis;unsafe;l;;9;219015aus2attrahwis;215attrahwis;x;x;siwhartta
2;117;22;aus2;attrahwis;unsafe;l;;9;211722aus2attrahwis;222attrahwis;x;x;siwhartta
3;211;21;aus2;dehwis;unsafe;l;;6;321121aus2dehwis;321dehwis;x;x;siwhed
3;175;7;aus2;dehwis;unsafe;l;;6;31757aus2dehwis;37dehwis;x;x;siwhed
3;174;13;aus2;dehwis;unsafe;l;;6;317413aus2dehwis;313dehwis;x;x;siwhed
3;158;8;aus2;dehwis;unsafe;l;;6;31588aus2dehwis;38dehwis;x;x;siwhed
3;150;27;aus2;dehwis;unsafe;l;;6;315027aus2dehwis;327dehwis;x;x;siwhed
3;102;20;aus2;dehwis;unsafe;l;;6;310220aus2dehwis;320dehwis;x;x;siwhed
3;77;7;aus1;dehwis;unsafe;l;;6;3777aus1dehwis;37dehwis;x;x;siwhed
3;52;1;aus2;dehwis;unsafe;l;;6;3521aus2dehwis;31dehwis;x;x;siwhed
3;49;27;aus2;dehwis;unsafe;l;;6;34927aus2dehwis;327dehwis;x;x;siwhed
3;40;17;aus2;dehwis;unsafe;l;;6;34017aus2dehwis;317dehwis;x;x;siwhed
3;39;22;aus2;dehwis;unsafe;l;;6;33922aus2dehwis;322dehwis;x;x;siwhed
2;254;4;aus1;dehwis;unsafe;l;;6;22544aus1dehwis;24dehwis;x;x;siwhed
2;229;11;aus2;dehwis;unsafe;l;;6;222911aus2dehwis;211dehwis;x;x;siwhed
2;227;23;aus2;dehwis;unsafe;l;;6;222723aus2dehwis;223dehwis;x;x;siwhed
2;217;31;aus2;dehwis;unsafe;l;;6;221731aus2dehwis;231dehwis;x;x;siwhed
2;210;26;aus1;dehwis;unsafe;l;;6;221026aus1dehwis;226dehwis;x;x;siwhed
2;210;18;aus1;dehwis;unsafe;l;;6;221018aus1dehwis;218dehwis;x;x;siwhed
2;206;17;aus2;dehwis;unsafe;l;;6;220617aus2dehwis;217dehwis;x;x;siwhed
2;195;23;aus2;dehwis;unsafe;l;;6;219523aus2dehwis;223dehwis;x;x;siwhed
2;182;26;aus2;dehwis;unsafe;l;;6;218226aus2dehwis;226dehwis;x;x;siwhed
2;182;7;aus2;dehwis;unsafe;l;;6;21827aus2dehwis;27dehwis;x;x;siwhed
2;182;3;aus2;dehwis;unsafe;l;;6;21823aus2dehwis;23dehwis;x;x;siwhed
2;181;18;aus2;dehwis;unsafe;l;;6;218118aus2dehwis;218dehwis;x;x;siwhed
2;181;16;aus2;dehwis;unsafe;l;;6;218116aus2dehwis;216dehwis;x;x;siwhed
2;181;11;aus2;dehwis;unsafe;l;;6;218111aus2dehwis;211dehwis;x;x;siwhed
2;181;3;aus2;dehwis;unsafe;l;;6;21813aus2dehwis;23dehwis;x;x;siwhed
2;179;6;aus2;dehwis;unsafe;l;;6;21796aus2dehwis;26dehwis;x;x;siwhed
2;176;13;aus2;dehwis;unsafe;l;;6;217613aus2dehwis;213dehwis;x;x;siwhed
2;176;9;aus2;dehwis;unsafe;l;;6;21769aus2dehwis;29dehwis;x;x;siwhed
2;176;4;aus2;dehwis;unsafe;l;;6;21764aus2dehwis;24dehwis;x;x;siwhed
2;175;10;aus2;dehwis;unsafe;l;;6;217510aus2dehwis;210dehwis;x;x;siwhed
2;175;2;aus2;dehwis;unsafe;l;;6;21752aus2dehwis;22dehwis;x;x;siwhed
2;173;23;aus2;dehwis;unsafe;l;;6;217323aus2dehwis;223dehwis;x;x;siwhed
2;172;5;aus1;dehwis;unsafe;l;;6;21725aus1dehwis;25dehwis;x;x;siwhed
2;144;10;aus2;dehwis;unsafe;l;;6;214410aus2dehwis;210dehwis;x;x;siwhed
2;134;8;aus2;dehwis;unsafe;l;;6;21348aus2dehwis;28dehwis;x;x;siwhed
2;134;5;aus2;dehwis;unsafe;l;;6;21345aus2dehwis;25dehwis;x;x;siwhed
2;133;25;aus2;dehwis;unsafe;l;;6;213325aus2dehwis;225dehwis;x;x;siwhed
2;132;22;aus2;dehwis;unsafe;l;;6;213222aus2dehwis;222dehwis;x;x;siwhed
2;129;22;aus2;dehwis;unsafe;l;;6;212922aus2dehwis;222dehwis;x;x;siwhed
2;126;15;aus1;dehwis;unsafe;l;;6;212615aus1dehwis;215dehwis;x;x;siwhed
2;126;14;aus1;dehwis;unsafe;l;;6;212614aus1dehwis;214dehwis;x;x;siwhed
2;126;13;aus1;dehwis;unsafe;l;;6;212613aus1dehwis;213dehwis;x;x;siwhed
2;122;10;aus2;dehwis;unsafe;l;;6;212210aus2dehwis;210dehwis;x;x;siwhed
2;119;18;aus2;dehwis;unsafe;l;;6;211918aus2dehwis;218dehwis;x;x;siwhed
2;109;1;aus2;dehwis;unsafe;l;;6;21091aus2dehwis;21dehwis;x;x;siwhed
2;101;5;aus1;dehwis;unsafe;l;;6;21015aus1dehwis;25dehwis;x;x;siwhed
2;87;13;aus2;dehwis;unsafe;l;;6;28713aus2dehwis;213dehwis;x;x;siwhed
2;86;14;aus2;dehwis;unsafe;l;;6;28614aus2dehwis;214dehwis;x;x;siwhed
2;65;12;aus2;dehwis;unsafe;l;;6;26512aus2dehwis;212dehwis;x;x;siwhed
2;57;6;aus2;dehwis;unsafe;l;;6;2576aus2dehwis;26dehwis;x;x;siwhed
2;55;24;aus2;dehwis;unsafe;l;;6;25524aus2dehwis;224dehwis;x;x;siwhed
2;48;17;aus2;dehwis;unsafe;l;;6;24817aus2dehwis;217dehwis;x;x;siwhed
2;38;24;aus2;dehwis;unsafe;l;;6;23824aus2dehwis;224dehwis;x;x;siwhed
2;5;3;aus2;dehwis;unsafe;l;;6;253aus2dehwis;23dehwis;x;x;siwhed
1;553;23;aus2;dehwis;unsafe;l;;6;155323aus2dehwis;123dehwis;x;x;siwhed
1;549;4;aus2;dehwis;unsafe;l;;6;15494aus2dehwis;14dehwis;x;x;siwhed
1;542;23;aus1;dehwis;unsafe;l;;6;154223aus1dehwis;123dehwis;x;x;siwhed
1;542;19;aus1;dehwis;unsafe;l;;6;154219aus1dehwis;119dehwis;x;x;siwhed
1;536;25;aus2;dehwis;unsafe;l;;6;153625aus2dehwis;125dehwis;x;x;siwhed
1;501;18;aus1;dehwis;unsafe;l;;6;150118aus1dehwis;118dehwis;x;x;siwhed
1;492;18;aus2;dehwis;unsafe;l;;6;149218aus2dehwis;118dehwis;x;x;siwhed
1;491;13;aus2;dehwis;unsafe;l;;6;149113aus2dehwis;113dehwis;x;x;siwhed
1;486;4;aus2;dehwis;unsafe;l;;6;14864aus2dehwis;14dehwis;x;x;siwhed
1;473;9;aus2;dehwis;unsafe;l;;6;14739aus2dehwis;19dehwis;x;x;siwhed
1;452;5;aus2;dehwis;unsafe;l;;6;14525aus2dehwis;15dehwis;x;x;siwhed
1;451;5;aus2;dehwis;unsafe;l;;6;14515aus2dehwis;15dehwis;x;x;siwhed
1;445;18;aus2;dehwis;unsafe;l;;6;144518aus2dehwis;118dehwis;x;x;siwhed
1;436;4;aus1;dehwis;unsafe;l;;6;14364aus1dehwis;14dehwis;x;x;siwhed
1;402;10;aus2;dehwis;unsafe;l;;6;140210aus2dehwis;110dehwis;x;x;siwhed
1;397;6;aus2;dehwis;unsafe;l;;6;13976aus2dehwis;16dehwis;x;x;siwhed
1;396;23;aus2;dehwis;unsafe;l;;6;139623aus2dehwis;123dehwis;x;x;siwhed
1;395;12;aus2;dehwis;unsafe;l;;6;139512aus2dehwis;112dehwis;x;x;siwhed
1;360;3;aus2;dehwis;unsafe;l;;6;13603aus2dehwis;13dehwis;x;x;siwhed
1;357;23;aus2;dehwis;unsafe;l;;6;135723aus2dehwis;123dehwis;x;x;siwhed
1;347;3;aus2;dehwis;unsafe;l;;6;13473aus2dehwis;13dehwis;x;x;siwhed
1;320;19;aus2;dehwis;unsafe;l;;6;132019aus2dehwis;119dehwis;x;x;siwhed
1;315;3;aus2;dehwis;unsafe;l;;6;13153aus2dehwis;13dehwis;x;x;siwhed
1;314;17;aus2;dehwis;unsafe;l;;6;131417aus2dehwis;117dehwis;x;x;siwhed
1;314;11;aus2;dehwis;unsafe;l;;6;131411aus2dehwis;111dehwis;x;x;siwhed
1;314;4;aus2;dehwis;unsafe;l;;6;13144aus2dehwis;14dehwis;x;x;siwhed
1;293;22;aus2;dehwis;unsafe;l;;6;129322aus2dehwis;122dehwis;x;x;siwhed
1;290;16;aus2;dehwis;unsafe;l;;6;129016aus2dehwis;116dehwis;x;x;siwhed
1;290;15;aus2;dehwis;unsafe;l;;6;129015aus2dehwis;115dehwis;x;x;siwhed
1;263;30;aus2;dehwis;unsafe;l;;6;126330aus2dehwis;130dehwis;x;x;siwhed
1;245;21;aus2;dehwis;unsafe;l;;6;124521aus2dehwis;121dehwis;x;x;siwhed
1;231;1;aus2;dehwis;unsafe;l;;6;12311aus2dehwis;11dehwis;x;x;siwhed
1;228;15;aus2;dehwis;unsafe;l;;6;122815aus2dehwis;115dehwis;x;x;siwhed
1;228;4;aus2;dehwis;unsafe;l;;6;12284aus2dehwis;14dehwis;x;x;siwhed
1;225;28;aus2;dehwis;unsafe;l;;6;122528aus2dehwis;128dehwis;x;x;siwhed
1;217;4;aus2;dehwis;unsafe;l;;6;12174aus2dehwis;14dehwis;x;x;siwhed
1;215;15;aus2;dehwis;unsafe;l;;6;121515aus2dehwis;115dehwis;x;x;siwhed
1;206;7;aus2;dehwis;unsafe;l;;6;12067aus2dehwis;17dehwis;x;x;siwhed
1;206;4;aus2;dehwis;unsafe;l;;6;12064aus2dehwis;14dehwis;x;x;siwhed
1;197;5;aus2;dehwis;unsafe;l;;6;11975aus2dehwis;15dehwis;x;x;siwhed
1;173;3;aus1;dehwis;unsafe;l;;6;11733aus1dehwis;13dehwis;x;x;siwhed
1;172;30;aus1;dehwis;unsafe;l;;6;117230aus1dehwis;130dehwis;x;x;siwhed
1;150;26;aus2;dehwis;unsafe;l;;6;115026aus2dehwis;126dehwis;x;x;siwhed
1;132;22;aus2;dehwis;unsafe;l;;6;113222aus2dehwis;122dehwis;x;x;siwhed
1;102;8;aus2;dehwis;unsafe;l;;6;11028aus2dehwis;18dehwis;x;x;siwhed
1;90;9;aus2;dehwis;unsafe;l;;6;1909aus2dehwis;19dehwis;x;x;siwhed
1;89;15;aus2;dehwis;unsafe;l;;6;18915aus2dehwis;115dehwis;x;x;siwhed
1;83;23;aus2;dehwis;unsafe;l;;6;18323aus2dehwis;123dehwis;x;x;siwhed
1;78;7;aus2;dehwis;unsafe;l;;6;1787aus2dehwis;17dehwis;x;x;siwhed
1;71;12;aus2;dehwis;unsafe;l;;6;17112aus2dehwis;112dehwis;x;x;siwhed
1;71;5;aus2;dehwis;unsafe;l;;6;1715aus2dehwis;15dehwis;x;x;siwhed
1;62;23;aus2;dehwis;unsafe;l;;6;16223aus2dehwis;123dehwis;x;x;siwhed
1;61;27;aus1;dehwis;unsafe;l;;6;16127aus1dehwis;127dehwis;x;x;siwhed
1;60;14;peri;dehwis;unsafe;l;;6;16014peridehwis;114dehwis;x;x;siwhed
1;56;10;aus2;dehwis;unsafe;l;;6;15610aus2dehwis;110dehwis;x;x;siwhed
1;51;4;aus1;dehwis;unsafe;l;;6;1514aus1dehwis;14dehwis;x;x;siwhed
1;46;30;aus2;dehwis;unsafe;l;;6;14630aus2dehwis;130dehwis;x;x;siwhed
1;36;11;aus2;dehwis;unsafe;l;;6;13611aus2dehwis;111dehwis;x;x;siwhed
2;258;28;aus2;dehwis;unsafe;l;;6;225828aus2dehwis;228dehwis;x;x;siwhed
2;260;4;aus2;dehwis;unsafe;l;;6;22604aus2dehwis;24dehwis;x;x;siwhed
2;271;20;aus2;dehwis;unsafe;l;;6;227120aus2dehwis;220dehwis;x;x;siwhed
2;272;1;aus2;Dehwis;unsafe;u;;6;22721aus2Dehwis;21Dehwis;x;x;siwheD
2;289;4;aus2;dehwis;unsafe;l;;6;22894aus2dehwis;24dehwis;x;x;siwhed
2;314;24;aus2;dehwis;unsafe;l;;6;231424aus2dehwis;224dehwis;x;x;siwhed
2;332;9;aus2;dehwis;unsafe;l;;6;23329aus2dehwis;29dehwis;x;x;siwhed
2;335;10;aus1;dehwis;unsafe;l;;6;233510aus1dehwis;210dehwis;x;x;siwhed
2;341;26;aus2;dehwis;unsafe;l;;6;234126aus2dehwis;226dehwis;x;x;siwhed
2;343;30;aus2;dehwis;unsafe;l;;6;234330aus2dehwis;230dehwis;x;x;siwhed
2;400;11;aus2;dehwis;unsafe;l;;6;240011aus2dehwis;211dehwis;x;x;siwhed
2;401;2;aus2;dehwis;unsafe;l;;6;24012aus2dehwis;22dehwis;x;x;siwhed
2;401;23;aus2;dehwis;unsafe;l;;6;240123aus2dehwis;223dehwis;x;x;siwhed
2;421;26;aus2;dehwis;unsafe;l;;6;242126aus2dehwis;226dehwis;x;x;siwhed
2;428;4;aus2;dehwis;unsafe;l;;6;24284aus2dehwis;24dehwis;x;x;siwhed
2;347;6;aus1;dehwis;unsafe;l;;6;23476aus1dehwis;26dehwis;x;x;siwhed
2;419;6;aus1;dehwis;unsafe;l;;6;24196aus1dehwis;26dehwis;x;x;siwhed
1;522;7;aus2;dehwis;unsafe;l;;6;15227aus2dehwis;17dehwis;x;x;siwhed
2;53;10;aus2;dehwis;unsafe;l;;6;25310aus2dehwis;210dehwis;x;x;siwhed
1;16;15;aus2;Dehwis;unsafe;u;;6;11615aus2Dehwis;115Dehwis;x;x;siwheD
2;137;18;aus2;dehwis;unsafe;l;;6;213718aus2dehwis;218dehwis;x;x;siwhed
2;181;22;aus2;dehwis;unsafe;l;;6;218122aus2dehwis;222dehwis;x;x;siwhed
1;88;23;aus2;dehwis;unsafe;l;;6;18823aus2dehwis;123dehwis;x;x;siwhed
2;124;23;aus1;dehwis;unsafe;l;;6;212423aus1dehwis;223dehwis;x;x;siwhed
1;286;25;aus2;dehwis;unsafe;l;;6;128625aus2dehwis;125dehwis;x;x;siwhed
2;201;25;aus2;dehwis;unsafe;l;;6;220125aus2dehwis;225dehwis;x;x;siwhed
2;315;28;aus2;dehwis;unsafe;l;;6;231528aus2dehwis;228dehwis;x;x;siwhed
2;67;30;aus2;dehwis;unsafe;l;;6;26730aus2dehwis;230dehwis;x;x;siwhed
2;174;7;aus2;ee⸗dehwis;unsafe;l;;9;21747aus2ee⸗dehwis;27ee⸗dehwis;x;x;siwhed⸗ee
1;387;25;aus2;no⸗dehwis;unsafe;l;;9;138725aus2no⸗dehwis;125no⸗dehwis;x;x;siwhed⸗on
3;127;12;aus2;par⸗dehwis;unsafe;l;;10;312712aus2par⸗dehwis;312par⸗dehwis;x;x;siwhed⸗rap
3;172;12;aus2;peedehwis;unsafe;l;;9;317212aus2peedehwis;312peedehwis;x;x;siwhedeep
2;117;26;aus2;peedehwis;unsafe;l;;9;211726aus2peedehwis;226peedehwis;x;x;siwhedeep
1;551;26;aus2;peedehwis;unsafe;l;;9;155126aus2peedehwis;126peedehwis;x;x;siwhedeep
1;397;17;aus2;peedehwis;unsafe;l;;9;139717aus2peedehwis;117peedehwis;x;x;siwhedeep
1;347;18;aus2;peedehwis;unsafe;l;;9;134718aus2peedehwis;118peedehwis;x;x;siwhedeep
2;341;24;aus2;peedehwis;unsafe;l;;9;234124aus2peedehwis;224peedehwis;x;x;siwhedeep
2;341;25;aus2;peedehwis;unsafe;l;;9;234125aus2peedehwis;225peedehwis;x;x;siwhedeep
2;378;12;aus2;peedehwis;unsafe;l;;9;237812aus2peedehwis;212peedehwis;x;x;siwhedeep
2;428;13;aus2;peedehwis;unsafe;l;;9;242813aus2peedehwis;213peedehwis;x;x;siwhedeep
3;117;9;aus2;nodehwis;unsafe;l;;8;31179aus2nodehwis;39nodehwis;x;x;siwhedon
2;243;6;aus2;nodehwis;unsafe;l;;8;22436aus2nodehwis;26nodehwis;x;x;siwhedon
2;13;21;aus2;nodehwis;unsafe;l;;8;21321aus2nodehwis;221nodehwis;x;x;siwhedon
1;553;15;aus2;nodehwis;unsafe;l;;8;155315aus2nodehwis;115nodehwis;x;x;siwhedon
1;498;26;aus2;nodehwis;unsafe;l;;8;149826aus2nodehwis;126nodehwis;x;x;siwhedon
1;453;3;aus2;nodehwis;unsafe;l;;8;14533aus2nodehwis;13nodehwis;x;x;siwhedon
1;247;18;aus2;nodehwis;unsafe;l;;8;124718aus2nodehwis;118nodehwis;x;x;siwhedon
1;238;4;aus2;nodehwis;unsafe;l;;8;12384aus2nodehwis;14nodehwis;x;x;siwhedon
2;100;27;aus1;aisdehwis;unsafe;l;;9;210027aus1aisdehwis;227aisdehwis;x;x;siwhedsia
2;174;2;aus2;ißdehwis;unsafe;l;;8;21742aus2ißdehwis;22ißdehwis;x;x;siwhedßi
1;76;15;aus2;Pa⸗tehwis;unsafe;u;;9;17615aus2Pa⸗tehwis;115Pa⸗tehwis;x;x;siwhet⸗aP
3;28;24;aus2;pahr⸗ghallwis;unsafe;l;;13;32824aus2pahr⸗ghallwis;324pahr⸗ghallwis;x;x;siwllahg⸗rhap
1;81;30;aus2;Pattghallwis;unsafe;u;;12;18130aus2Pattghallwis;130Pattghallwis;x;x;siwllahgttaP
3;46;5;aus2;ẜowis;unsafe;l;;5;3465aus2ẜowis;35ẜowis;x;x;siwoẜ
3;174;19;aus2;ẜapuwis;unsafe;l;;7;317419aus2ẜapuwis;319ẜapuwis;x;x;siwupaẜ
1;400;2;aus2;ẜapuwis;unsafe;l;;7;14002aus2ẜapuwis;12ẜapuwis;x;x;siwupaẜ
1;211;27;aus1;ẜapuwis;unsafe;l;;7;121127aus1ẜapuwis;127ẜapuwis;x;x;siwupaẜ
2;146;7;peri;ẜappuwis;unsafe;l;;8;21467periẜappuwis;27ẜappuwis;x;x;siwuppaẜ
2;146;5;peri;ẜappuwis;unsafe;l;;8;21465periẜappuwis;25ẜappuwis;x;x;siwuppaẜ
1;2;13;peri;pawehleyis;safe;l;;10;1213peripawehleyis;113pawehleyis;x;x;siyelhewap
3;46;25;aus2;aisleeʒis;unsafe;l;;9;34625aus2aisleeʒis;325aisleeʒis;x;x;siʒeelsia
3;22;8;aus2;ẜalieʒis;unsafe;l;;8;3228aus2ẜalieʒis;38ẜalieʒis;x;x;siʒeilaẜ
1;415;25;aus2;nieʒis;unsafe;l;;6;141525aus2nieʒis;125nieʒis;x;x;siʒein
1;220;1;aus2;nieʒis;unsafe;l;;6;12201aus2nieʒis;11nieʒis;x;x;siʒein
1;415;25;aus2;nhe⸗nieʒis;unsafe;l;;10;141525aus2nhe⸗nieʒis;125nhe⸗nieʒis;x;x;siʒein⸗ehn
1;220;1;aus2;nhe⸗ißnieʒis;unsafe;l;;12;12201aus2nhe⸗ißnieʒis;11nhe⸗ißnieʒis;x;x;siʒeinßi⸗ehn
1;472;26;aus2;iß⸗twieʒis;unsafe;l;;10;147226aus2iß⸗twieʒis;126iß⸗twieʒis;x;x;siʒeiwt⸗ßi
3;183;20;aus2;ißtwieʒis;unsafe;l;;9;318320aus2ißtwieʒis;320ißtwieʒis;x;x;siʒeiwtßi
3;182;21;aus2;ißtwieʒis;unsafe;l;;9;318221aus2ißtwieʒis;321ißtwieʒis;x;x;siʒeiwtßi
3;194;18;peri;nahʒis;unsafe;l;;6;319418perinahʒis;318nahʒis;x;x;siʒhan
3;131;31;aus2;nahʒis;unsafe;l;;6;313131aus2nahʒis;331nahʒis;x;x;siʒhan
3;103;31;aus2;nahʒis;unsafe;l;;6;310331aus2nahʒis;331nahʒis;x;x;siʒhan
3;91;12;aus2;nahʒis;unsafe;l;;6;39112aus2nahʒis;312nahʒis;x;x;siʒhan
3;76;23;aus1;nahʒis;unsafe;l;;6;37623aus1nahʒis;323nahʒis;x;x;siʒhan
3;76;20;aus1;nahʒis;unsafe;l;;6;37620aus1nahʒis;320nahʒis;x;x;siʒhan
3;46;7;aus2;nahʒis;unsafe;l;;6;3467aus2nahʒis;37nahʒis;x;x;siʒhan
2;240;22;aus2;nahʒis;unsafe;l;;6;224022aus2nahʒis;222nahʒis;x;x;siʒhan
2;212;1;aus2;nahʒis;unsafe;l;;6;22121aus2nahʒis;21nahʒis;x;x;siʒhan
2;205;14;aus2;nahʒis;unsafe;l;;6;220514aus2nahʒis;214nahʒis;x;x;siʒhan
2;173;19;aus2;nahʒis;unsafe;l;;6;217319aus2nahʒis;219nahʒis;x;x;siʒhan
2;110;8;aus2;nahʒis;unsafe;l;;6;21108aus2nahʒis;28nahʒis;x;x;siʒhan
2;70;17;aus2;nahʒis;unsafe;l;;6;27017aus2nahʒis;217nahʒis;x;x;siʒhan
2;66;17;aus2;nahʒis;unsafe;l;;6;26617aus2nahʒis;217nahʒis;x;x;siʒhan
2;66;6;aus2;nahʒis;unsafe;l;;6;2666aus2nahʒis;26nahʒis;x;x;siʒhan
2;66;4;aus2;nahʒis;unsafe;l;;6;2664aus2nahʒis;24nahʒis;x;x;siʒhan
2;56;28;aus2;nahʒis;unsafe;l;;6;25628aus2nahʒis;228nahʒis;x;x;siʒhan
2;55;4;aus2;nahʒis;unsafe;l;;6;2554aus2nahʒis;24nahʒis;x;x;siʒhan
2;47;3;aus2;nahʒis;unsafe;l;;6;2473aus2nahʒis;23nahʒis;x;x;siʒhan
2;34;9;aus2;nahʒis;unsafe;l;;6;2349aus2nahʒis;29nahʒis;x;x;siʒhan
2;3;7;peri;nahʒis;unsafe;l;;6;237perinahʒis;27nahʒis;x;x;siʒhan
1;551;5;aus2;nahʒis;unsafe;l;;6;15515aus2nahʒis;15nahʒis;x;x;siʒhan
1;508;29;aus2;nahʒis;unsafe;l;;6;150829aus2nahʒis;129nahʒis;x;x;siʒhan
1;501;11;aus1;nahʒis;unsafe;l;;6;150111aus1nahʒis;111nahʒis;x;x;siʒhan
1;480;22;aus2;nahʒis;unsafe;l;;6;148022aus2nahʒis;122nahʒis;x;x;siʒhan
1;453;5;aus2;nahʒis;unsafe;l;;6;14535aus2nahʒis;15nahʒis;x;x;siʒhan
1;390;25;aus2;nahʒis;unsafe;l;;6;139025aus2nahʒis;125nahʒis;x;x;siʒhan
1;390;21;aus2;nahʒis;unsafe;l;;6;139021aus2nahʒis;121nahʒis;x;x;siʒhan
1;390;10;aus2;nahʒis;unsafe;l;;6;139010aus2nahʒis;110nahʒis;x;x;siʒhan
1;389;26;aus2;nahʒis;unsafe;l;;6;138926aus2nahʒis;126nahʒis;x;x;siʒhan
1;377;14;aus2;nahʒis;unsafe;l;;6;137714aus2nahʒis;114nahʒis;x;x;siʒhan
1;375;8;aus2;nahʒis;unsafe;l;;6;13758aus2nahʒis;18nahʒis;x;x;siʒhan
1;373;28;aus2;nahʒis;unsafe;l;;6;137328aus2nahʒis;128nahʒis;x;x;siʒhan
1;331;9;aus2;nahʒis;unsafe;l;;6;13319aus2nahʒis;19nahʒis;x;x;siʒhan
1;329;30;aus2;nahʒis;unsafe;l;;6;132930aus2nahʒis;130nahʒis;x;x;siʒhan
1;298;28;aus1;nahʒis;unsafe;l;;6;129828aus1nahʒis;128nahʒis;x;x;siʒhan
1;288;12;aus2;nahʒis;unsafe;l;;6;128812aus2nahʒis;112nahʒis;x;x;siʒhan
1;268;29;aus1;nahʒis;unsafe;l;;6;126829aus1nahʒis;129nahʒis;x;x;siʒhan
1;268;26;aus1;nahʒis;unsafe;l;;6;126826aus1nahʒis;126nahʒis;x;x;siʒhan
1;261;10;aus2;nahʒis;unsafe;l;;6;126110aus2nahʒis;110nahʒis;x;x;siʒhan
1;237;1;aus2;nahʒis;unsafe;l;;6;12371aus2nahʒis;11nahʒis;x;x;siʒhan
1;236;8;aus2;nahʒis;unsafe;l;;6;12368aus2nahʒis;18nahʒis;x;x;siʒhan
1;218;15;aus2;nahʒis;unsafe;l;;6;121815aus2nahʒis;115nahʒis;x;x;siʒhan
1;217;16;aus2;nahʒis;unsafe;l;;6;121716aus2nahʒis;116nahʒis;x;x;siʒhan
1;171;14;peri;nahʒis;unsafe;l;;6;117114perinahʒis;114nahʒis;x;x;siʒhan
1;162;6;aus2;nahʒis;unsafe;l;;6;11626aus2nahʒis;16nahʒis;x;x;siʒhan
1;162;5;aus2;nahʒis;unsafe;l;;6;11625aus2nahʒis;15nahʒis;x;x;siʒhan
1;162;4;aus2;nahʒis;unsafe;l;;6;11624aus2nahʒis;14nahʒis;x;x;siʒhan
1;144;26;aus2;nahʒis;unsafe;l;;6;114426aus2nahʒis;126nahʒis;x;x;siʒhan
1;136;17;aus2;nahʒis;unsafe;l;;6;113617aus2nahʒis;117nahʒis;x;x;siʒhan
1;134;17;aus2;nahʒis;unsafe;l;;6;113417aus2nahʒis;117nahʒis;x;x;siʒhan
1;105;16;aus2;nahʒis;unsafe;l;;6;110516aus2nahʒis;116nahʒis;x;x;siʒhan
1;97;24;aus2;nahʒis;unsafe;l;;6;19724aus2nahʒis;124nahʒis;x;x;siʒhan
1;91;14;aus2;nahʒis;unsafe;l;;6;19114aus2nahʒis;114nahʒis;x;x;siʒhan
1;70;19;aus2;nahʒis;unsafe;l;;6;17019aus2nahʒis;119nahʒis;x;x;siʒhan
1;57;11;aus2;nahʒis;unsafe;l;;6;15711aus2nahʒis;111nahʒis;x;x;siʒhan
1;56;4;aus2;nahʒis;unsafe;l;;6;1564aus2nahʒis;14nahʒis;x;x;siʒhan
1;39;16;aus1;nahʒis;unsafe;l;;6;13916aus1nahʒis;116nahʒis;x;x;siʒhan
1;36;22;aus2;nahʒis;unsafe;l;;6;13622aus2nahʒis;122nahʒis;x;x;siʒhan
1;28;16;aus1;nahʒis;unsafe;l;;6;12816aus1nahʒis;116nahʒis;x;x;siʒhan
1;28;12;aus1;nahʒis;unsafe;l;;6;12812aus1nahʒis;112nahʒis;x;x;siʒhan
1;28;10;aus1;nahʒis;unsafe;l;;6;12810aus1nahʒis;110nahʒis;x;x;siʒhan
1;28;9;aus1;nahʒis;unsafe;l;;6;1289aus1nahʒis;19nahʒis;x;x;siʒhan
1;21;19;aus2;nahʒis;unsafe;l;;6;12119aus2nahʒis;119nahʒis;x;x;siʒhan
1;7;12;aus2;nahʒis;unsafe;l;;6;1712aus2nahʒis;112nahʒis;x;x;siʒhan
1;2;25;aus1;nahʒis;unsafe;l;;6;1225aus1nahʒis;125nahʒis;x;x;siʒhan
2;259;28;aus2;nahʒis;unsafe;l;;6;225928aus2nahʒis;228nahʒis;x;x;siʒhan
2;290;26;aus2;nahʒis;unsafe;l;;6;229026aus2nahʒis;226nahʒis;x;x;siʒhan
2;290;30;aus2;nahʒis;unsafe;l;;6;229030aus2nahʒis;230nahʒis;x;x;siʒhan
2;303;27;aus2;nahʒis;unsafe;l;;6;230327aus2nahʒis;227nahʒis;x;x;siʒhan
2;330;3;aus2;nahʒis;unsafe;l;;6;23303aus2nahʒis;23nahʒis;x;x;siʒhan
2;371;12;aus2;nahʒis;unsafe;l;;6;237112aus2nahʒis;212nahʒis;x;x;siʒhan
2;407;6;aus1;nahʒis;unsafe;l;;6;24076aus1nahʒis;26nahʒis;x;x;siʒhan
2;407;8;aus1;nahʒis;unsafe;l;;6;24078aus1nahʒis;28nahʒis;x;x;siʒhan
2;422;26;aus2;nahʒis;unsafe;l;;6;242226aus2nahʒis;226nahʒis;x;x;siʒhan
2;37;3;aus2;nahʒis;unsafe;l;;6;2373aus2nahʒis;23nahʒis;x;x;siʒhan
1;488;11;peri;nahʒis;unsafe;l;;6;148811perinahʒis;111nahʒis;x;x;siʒhan
2;234;12;aus2;nahʒis;unsafe;l;;6;223412aus2nahʒis;212nahʒis;x;x;siʒhan
1;28;21;aus1;nahʒis;unsafe;l;;6;12821aus1nahʒis;121nahʒis;x;x;siʒhan
1;196;24;aus2;nahʒis;unsafe;l;;6;119624aus2nahʒis;124nahʒis;x;x;siʒhan
1;357;24;aus2;nahʒis;unsafe;l;;6;135724aus2nahʒis;124nahʒis;x;x;siʒhan
1;299;25;aus2;nahʒis;unsafe;l;;6;129925aus2nahʒis;125nahʒis;x;x;siʒhan
2;346;15;peri;eenahʒis;unsafe;l;;8;234615perieenahʒis;215eenahʒis;x;x;siʒhanee
2;364;4;aus2;parnahʒis;unsafe;l;;9;23644aus2parnahʒis;24parnahʒis;x;x;siʒhanrap
1;104;13;aus2;pahrnahʒis;unsafe;l;;10;110413aus2pahrnahʒis;113pahrnahʒis;x;x;siʒhanrhap
1;9;20;aus2;attnahʒis;unsafe;l;;9;1920aus2attnahʒis;120attnahʒis;x;x;siʒhantta
2;419;10;aus1;attnahʒis;unsafe;l;;9;241910aus1attnahʒis;210attnahʒis;x;x;siʒhantta
3;94;21;aus2;ee⸗ſahʒis;unsafe;l;;9;39421aus2ee⸗ſahʒis;321ee⸗ſahʒis;x;x;siʒhaſ⸗ee
2;24;22;aus2;ee⸗ẜahʒis;unsafe;l;;9;22422aus2ee⸗ẜahʒis;222ee⸗ẜahʒis;x;x;siʒhaẜ⸗ee
2;24;20;aus2;ee⸗ẜahʒis;unsafe;l;;9;22420aus2ee⸗ẜahʒis;220ee⸗ẜahʒis;x;x;siʒhaẜ⸗ee
1;381;31;aus1;ee⸗ẜahʒis;unsafe;l;;9;138131aus1ee⸗ẜahʒis;131ee⸗ẜahʒis;x;x;siʒhaẜ⸗ee
1;248;5;aus2;ee⸗ẜahʒis;unsafe;l;;9;12485aus2ee⸗ẜahʒis;15ee⸗ẜahʒis;x;x;siʒhaẜ⸗ee
1;118;22;aus2;ee⸗ẜahʒis;unsafe;l;;9;111822aus2ee⸗ẜahʒis;122ee⸗ẜahʒis;x;x;siʒhaẜ⸗ee
1;118;7;aus2;ee⸗ẜahʒis;unsafe;l;;9;11187aus2ee⸗ẜahʒis;17ee⸗ẜahʒis;x;x;siʒhaẜ⸗ee
1;118;5;aus2;ee⸗ẜahʒis;unsafe;l;;9;11185aus2ee⸗ẜahʒis;15ee⸗ẜahʒis;x;x;siʒhaẜ⸗ee
2;270;16;aus2;ee⸗ẜahʒis;unsafe;l;;9;227016aus2ee⸗ẜahʒis;216ee⸗ẜahʒis;x;x;siʒhaẜ⸗ee
3;82;5;peri;eeẜahʒis;unsafe;l;;8;3825perieeẜahʒis;35eeẜahʒis;x;x;siʒhaẜee
1;118;12;aus2;eeẜahʒis;unsafe;l;;8;111812aus2eeẜahʒis;112eeẜahʒis;x;x;siʒhaẜee
2;4;25;aus2;attlehʒis;unsafe;l;;9;2425aus2attlehʒis;225attlehʒis;x;x;siʒheltta
1;542;16;aus1;attlehʒis;unsafe;l;;9;154216aus1attlehʒis;116attlehʒis;x;x;siʒheltta
3;106;13;aus2;brehʒis;unsafe;l;;7;310613aus2brehʒis;313brehʒis;x;x;siʒherb
3;42;28;aus2;ee⸗juhʒis;unsafe;l;;9;34228aus2ee⸗juhʒis;328ee⸗juhʒis;x;x;siʒhuj⸗ee
3;211;4;aus2;iß⸗ẜuhʒis;unsafe;l;;9;32114aus2iß⸗ẜuhʒis;34iß⸗ẜuhʒis;x;x;siʒhuẜ⸗ßi
1;441;27;aus2;ustuhʒis;unsafe;l;;8;144127aus2ustuhʒis;127ustuhʒis;x;x;siʒhutsu
3;116;27;aus2;teiʒis;unsafe;l;;6;311627aus2teiʒis;327teiʒis;x;x;siʒiet
3;68;17;aus1;teiʒis;unsafe;l;;6;36817aus1teiʒis;317teiʒis;x;x;siʒiet
1;71;12;aus2;pateiʒis;unsafe;l;;8;17112aus2pateiʒis;112pateiʒis;x;x;siʒietap
2;374;12;aus2;pateiʒis;unsafe;l;;8;237412aus2pateiʒis;212pateiʒis;x;x;siʒietap
2;301;8;aus2;ißwilʒis;unsafe;l;;8;23018aus2ißwilʒis;28ißwilʒis;x;x;siʒliwßi
1;425;6;aus2;iß⸗allʒis;unsafe;l;;9;14256aus2iß⸗allʒis;16iß⸗allʒis;x;x;siʒlla⸗ßi
1;71;11;aus2;itʒ⸗allʒis;unsafe;l;;10;17111aus2itʒ⸗allʒis;111itʒ⸗allʒis;x;x;siʒlla⸗ʒti
3;131;10;aus2;ißwillʒis;unsafe;l;;9;313110aus2ißwillʒis;310ißwillʒis;x;x;siʒlliwßi
1;474;16;aus2;ißwillʒis;unsafe;l;;9;147416aus2ißwillʒis;116ißwillʒis;x;x;siʒlliwßi
1;152;6;aus2;ißwillʒis;unsafe;l;;9;11526aus2ißwillʒis;16ißwillʒis;x;x;siʒlliwßi
2;198;2;aus2;uswillʒis;unsafe;l;;9;21982aus2uswillʒis;22uswillʒis;x;x;siʒlliwsu
2;311;11;aus2;ustullʒis;unsafe;l;;9;231111aus2ustullʒis;211ustullʒis;x;x;siʒllutsu
1;268;16;aus1;pirʒis;unsafe;l;;6;126816aus1pirʒis;116pirʒis;x;x;siʒrip
1;34;28;aus2;atpirʒis;unsafe;l;;8;13428aus2atpirʒis;128atpirʒis;x;x;siʒripta
2;347;16;aus1;attpirʒis;unsafe;l;;9;234716aus1attpirʒis;216attpirʒis;x;x;siʒriptta
2;39;12;aus2;pirrʒis;unsafe;l;;7;23912aus2pirrʒis;212pirrʒis;x;x;siʒrrip
2;39;10;aus2;pirrʒis;unsafe;l;;7;23910aus2pirrʒis;210pirrʒis;x;x;siʒrrip
2;29;13;peri;pirrʒis;unsafe;l;;7;22913peripirrʒis;213pirrʒis;x;x;siʒrrip
2;29;10;peri;pirrʒis;unsafe;l;;7;22910peripirrʒis;210pirrʒis;x;x;siʒrrip
1;66;6;aus2;pirrʒis;unsafe;l;;7;1666aus2pirrʒis;16pirrʒis;x;x;siʒrrip
3;216;20;aus2;attpirrʒis;unsafe;l;;10;321620aus2attpirrʒis;320attpirrʒis;x;x;siʒrriptta
3;163;25;aus2;attpirrʒis;unsafe;l;;10;316325aus2attpirrʒis;325attpirrʒis;x;x;siʒrriptta
2;140;17;aus2;attpirrʒis;unsafe;l;;10;214017aus2attpirrʒis;217attpirrʒis;x;x;siʒrriptta
1;5;6;aus2;attpirrʒis;unsafe;l;;10;156aus2attpirrʒis;16attpirrʒis;x;x;siʒrriptta
3;168;14;aus2;tʒis;unsafe;l;;4;316814aus2tʒis;314tʒis;x;x;siʒt
3;32;3;aus2;tʒis;unsafe;l;;4;3323aus2tʒis;33tʒis;x;x;siʒt
1;300;30;aus2;tʒis;unsafe;l;;4;130030aus2tʒis;130tʒis;x;x;siʒt
1;151;7;aus2;tʒis;unsafe;l;;4;11517aus2tʒis;17tʒis;x;x;siʒt
3;174;19;aus2;noẜmatʒis;unsafe;l;;9;317419aus2noẜmatʒis;319noẜmatʒis;x;x;siʒtamẜon
2;118;19;aus2;ee⸗patʒis;unsafe;l;;9;211819aus2ee⸗patʒis;219ee⸗patʒis;x;x;siʒtap⸗ee
2;300;4;aus2;ẜatʒis;unsafe;l;;6;23004aus2ẜatʒis;24ẜatʒis;x;x;siʒtaẜ
3;104;7;aus2;teitʒis;unsafe;l;;7;31047aus2teitʒis;37teitʒis;x;x;siʒtiet
2;226;11;aus2;teitʒis;unsafe;l;;7;222611aus2teitʒis;211teitʒis;x;x;siʒtiet
2;201;17;aus2;pateitʒis;unsafe;l;;9;220117aus2pateitʒis;217pateitʒis;x;x;siʒtietap
2;341;14;aus2;pateitʒis;unsafe;l;;9;234114aus2pateitʒis;214pateitʒis;x;x;siʒtietap
3;203;21;aus2;litʒis;unsafe;l;;6;320321aus2litʒis;321litʒis;x;x;siʒtil
3;166;16;aus1;litʒis;unsafe;l;;6;316616aus1litʒis;316litʒis;x;x;siʒtil
3;160;28;aus2;litʒis;unsafe;l;;6;316028aus2litʒis;328litʒis;x;x;siʒtil
3;158;9;aus2;litʒis;unsafe;l;;6;31589aus2litʒis;39litʒis;x;x;siʒtil
3;154;17;aus2;litʒis;unsafe;l;;6;315417aus2litʒis;317litʒis;x;x;siʒtil
3;149;7;aus2;litʒis;unsafe;l;;6;31497aus2litʒis;37litʒis;x;x;siʒtil
3;146;18;aus2;litʒis;unsafe;l;;6;314618aus2litʒis;318litʒis;x;x;siʒtil
3;76;11;aus1;litʒis;unsafe;l;;6;37611aus1litʒis;311litʒis;x;x;siʒtil
3;61;17;aus1;litʒis;unsafe;l;;6;36117aus1litʒis;317litʒis;x;x;siʒtil
3;48;16;aus2;litʒis;unsafe;l;;6;34816aus2litʒis;316litʒis;x;x;siʒtil
3;28;30;aus2;litʒis;unsafe;l;;6;32830aus2litʒis;330litʒis;x;x;siʒtil
3;16;22;aus2;litʒis;unsafe;l;;6;31622aus2litʒis;322litʒis;x;x;siʒtil
3;14;21;aus2;litʒis;unsafe;l;;6;31421aus2litʒis;321litʒis;x;x;siʒtil
3;12;31;aus2;litʒis;unsafe;l;;6;31231aus2litʒis;331litʒis;x;x;siʒtil
3;10;31;aus2;litʒis;unsafe;l;;6;31031aus2litʒis;331litʒis;x;x;siʒtil
2;200;8;aus2;litʒis;unsafe;l;;6;22008aus2litʒis;28litʒis;x;x;siʒtil
2;182;12;aus2;litʒis;unsafe;l;;6;218212aus2litʒis;212litʒis;x;x;siʒtil
2;176;1;aus2;litʒis;unsafe;l;;6;21761aus2litʒis;21litʒis;x;x;siʒtil
2;100;16;aus1;litʒis;unsafe;l;;6;210016aus1litʒis;216litʒis;x;x;siʒtil
2;94;17;aus2;litʒis;unsafe;l;;6;29417aus2litʒis;217litʒis;x;x;siʒtil
2;25;21;aus2;litʒis;unsafe;l;;6;22521aus2litʒis;221litʒis;x;x;siʒtil
2;11;30;aus2;litʒis;unsafe;l;;6;21130aus2litʒis;230litʒis;x;x;siʒtil
1;518;16;aus2;litʒis;unsafe;l;;6;151816aus2litʒis;116litʒis;x;x;siʒtil
1;364;6;aus2;litʒis;unsafe;l;;6;13646aus2litʒis;16litʒis;x;x;siʒtil
1;346;26;aus2;litʒis;unsafe;l;;6;134626aus2litʒis;126litʒis;x;x;siʒtil
1;338;3;aus2;litʒis;unsafe;l;;6;13383aus2litʒis;13litʒis;x;x;siʒtil
1;290;31;aus2;litʒis;unsafe;l;;6;129031aus2litʒis;131litʒis;x;x;siʒtil
1;232;10;aus2;litʒis;unsafe;l;;6;123210aus2litʒis;110litʒis;x;x;siʒtil
1;224;29;aus2;litʒis;unsafe;l;;6;122429aus2litʒis;129litʒis;x;x;siʒtil
1;96;26;aus2;litʒis;unsafe;l;;6;19626aus2litʒis;126litʒis;x;x;siʒtil
1;85;6;aus2;litʒis;unsafe;l;;6;1856aus2litʒis;16litʒis;x;x;siʒtil
1;77;3;aus2;litʒis;unsafe;l;;6;1773aus2litʒis;13litʒis;x;x;siʒtil
1;62;2;aus1;litʒis;unsafe;l;;6;1622aus1litʒis;12litʒis;x;x;siʒtil
1;61;13;aus1;litʒis;unsafe;l;;6;16113aus1litʒis;113litʒis;x;x;siʒtil
1;19;21;aus2;litʒis;unsafe;l;;6;11921aus2litʒis;121litʒis;x;x;siʒtil
1;10;31;aus2;litʒis;unsafe;l;;6;11031aus2litʒis;131litʒis;x;x;siʒtil
2;288;11;aus2;litʒis;unsafe;l;;6;228811aus2litʒis;211litʒis;x;x;siʒtil
2;292;23;aus2;litʒis;unsafe;l;;6;229223aus2litʒis;223litʒis;x;x;siʒtil
2;330;27;aus2;litʒis;unsafe;l;;6;233027aus2litʒis;227litʒis;x;x;siʒtil
1;165;26;aus2;litʒis;unsafe;l;;6;116526aus2litʒis;126litʒis;x;x;siʒtil
1;497;5;aus2;pa⸗litʒis;unsafe;l;;9;14975aus2pa⸗litʒis;15pa⸗litʒis;x;x;siʒtil⸗ap
1;407;3;aus1;ee⸗litʒis;unsafe;l;;9;14073aus1ee⸗litʒis;13ee⸗litʒis;x;x;siʒtil⸗ee
1;360;26;aus2;ee⸗litʒis;unsafe;l;;9;136026aus2ee⸗litʒis;126ee⸗litʒis;x;x;siʒtil⸗ee
1;346;22;aus2;ee⸗litʒis;unsafe;l;;9;134622aus2ee⸗litʒis;122ee⸗litʒis;x;x;siʒtil⸗ee
1;255;9;aus2;ee⸗litʒis;unsafe;l;;9;12559aus2ee⸗litʒis;19ee⸗litʒis;x;x;siʒtil⸗ee
3;24;2;aus2;pee⸗litʒis;unsafe;l;;10;3242aus2pee⸗litʒis;32pee⸗litʒis;x;x;siʒtil⸗eep
1;118;15;aus2;pee⸗litʒis;unsafe;l;;10;111815aus2pee⸗litʒis;115pee⸗litʒis;x;x;siʒtil⸗eep
1;136;2;aus2;no⸗litʒis;unsafe;l;;9;11362aus2no⸗litʒis;12no⸗litʒis;x;x;siʒtil⸗on
1;225;24;aus2;us⸗litʒis;unsafe;l;;9;122524aus2us⸗litʒis;124us⸗litʒis;x;x;siʒtil⸗su
3;178;18;aus2;palitʒis;unsafe;l;;8;317818aus2palitʒis;318palitʒis;x;x;siʒtilap
3;159;16;aus2;palitʒis;unsafe;l;;8;315916aus2palitʒis;316palitʒis;x;x;siʒtilap
2;153;8;aus2;palitʒis;unsafe;l;;8;21538aus2palitʒis;28palitʒis;x;x;siʒtilap
1;503;4;aus2;palitʒis;unsafe;l;;8;15034aus2palitʒis;14palitʒis;x;x;siʒtilap
1;484;12;aus2;palitʒis;unsafe;l;;8;148412aus2palitʒis;112palitʒis;x;x;siʒtilap
1;247;15;aus2;palitʒis;unsafe;l;;8;124715aus2palitʒis;115palitʒis;x;x;siʒtilap
2;411;4;aus2;palitʒis;unsafe;l;;8;24114aus2palitʒis;24palitʒis;x;x;siʒtilap
2;412;3;aus2;palitʒis;unsafe;l;;8;24123aus2palitʒis;23palitʒis;x;x;siʒtilap
1;95;16;aus2;eelitʒis;unsafe;l;;8;19516aus2eelitʒis;116eelitʒis;x;x;siʒtilee
1;94;28;aus2;eelitʒis;unsafe;l;;8;19428aus2eelitʒis;128eelitʒis;x;x;siʒtilee
1;93;25;aus2;eelitʒis;unsafe;l;;8;19325aus2eelitʒis;125eelitʒis;x;x;siʒtilee
1;36;28;aus2;eelitʒis;unsafe;l;;8;13628aus2eelitʒis;128eelitʒis;x;x;siʒtilee
2;27;13;aus2;pallitʒis;unsafe;l;;9;22713aus2pallitʒis;213pallitʒis;x;x;siʒtillap
1;408;19;aus1;pallitʒis;unsafe;l;;9;140819aus1pallitʒis;119pallitʒis;x;x;siʒtillap
1;301;3;aus2;pallitʒis;unsafe;l;;9;13013aus2pallitʒis;13pallitʒis;x;x;siʒtillap
2;398;15;aus2;pallitʒis;unsafe;l;;9;239815aus2pallitʒis;215pallitʒis;x;x;siʒtillap
3;115;19;aus2;nolitʒis;unsafe;l;;8;311519aus2nolitʒis;319nolitʒis;x;x;siʒtilon
1;391;25;aus2;nolitʒis;unsafe;l;;8;139125aus2nolitʒis;125nolitʒis;x;x;siʒtilon
1;211;16;aus1;nolitʒis;unsafe;l;;8;121116aus1nolitʒis;116nolitʒis;x;x;siʒtilon
1;155;17;aus2;nolitʒis;unsafe;l;;8;115517aus2nolitʒis;117nolitʒis;x;x;siʒtilon
2;198;3;aus2;uslitʒis;unsafe;l;;8;21983aus2uslitʒis;23uslitʒis;x;x;siʒtilsu
2;143;21;aus2;uslitʒis;unsafe;l;;8;214321aus2uslitʒis;221uslitʒis;x;x;siʒtilsu
2;294;1;aus2;uslitʒis;unsafe;l;;8;22941aus2uslitʒis;21uslitʒis;x;x;siʒtilsu
3;149;9;aus2;attlitʒis;unsafe;l;;9;31499aus2attlitʒis;39attlitʒis;x;x;siʒtiltta
1;148;2;aus2;ap⸗nitʒis;unsafe;l;;9;11482aus2ap⸗nitʒis;12ap⸗nitʒis;x;x;siʒtin⸗pa
3;107;20;aus2;apnitʒis;unsafe;l;;8;310720aus2apnitʒis;320apnitʒis;x;x;siʒtinpa
1;177;10;aus2;apnitʒis;unsafe;l;;8;117710aus2apnitʒis;110apnitʒis;x;x;siʒtinpa
3;197;20;aus1;titʒis;unsafe;l;;6;319720aus1titʒis;320titʒis;x;x;siʒtit
3;179;22;aus2;titʒis;unsafe;l;;6;317922aus2titʒis;322titʒis;x;x;siʒtit
1;359;25;aus2;titʒis;unsafe;l;;6;135925aus2titʒis;125titʒis;x;x;siʒtit
1;355;17;aus1;titʒis;unsafe;l;;6;135517aus1titʒis;117titʒis;x;x;siʒtit
1;184;15;aus2;titʒis;unsafe;l;;6;118415aus2titʒis;115titʒis;x;x;siʒtit
1;74;2;aus1;titʒis;unsafe;l;;6;1742aus1titʒis;12titʒis;x;x;siʒtit
3;96;15;aus2;pa⸗titʒis;unsafe;l;;9;39615aus2pa⸗titʒis;315pa⸗titʒis;x;x;siʒtit⸗ap
3;96;17;aus2;patitʒis;unsafe;l;;8;39617aus2patitʒis;317patitʒis;x;x;siʒtitap
3;202;1;aus2;notitʒis;unsafe;l;;8;32021aus2notitʒis;31notitʒis;x;x;siʒtiton
3;200;8;aus2;notitʒis;unsafe;l;;8;32008aus2notitʒis;38notitʒis;x;x;siʒtiton
3;199;8;aus2;notitʒis;unsafe;l;;8;31998aus2notitʒis;38notitʒis;x;x;siʒtiton
3;193;23;peri;notitʒis;unsafe;l;;8;319323perinotitʒis;323notitʒis;x;x;siʒtiton
3;187;7;aus2;notitʒis;unsafe;l;;8;31877aus2notitʒis;37notitʒis;x;x;siʒtiton
3;153;5;aus2;notitʒis;unsafe;l;;8;31535aus2notitʒis;35notitʒis;x;x;siʒtiton
3;150;11;aus2;notitʒis;unsafe;l;;8;315011aus2notitʒis;311notitʒis;x;x;siʒtiton
3;145;11;peri;notitʒis;unsafe;l;;8;314511perinotitʒis;311notitʒis;x;x;siʒtiton
3;134;3;aus2;notitʒis;unsafe;l;;8;31343aus2notitʒis;33notitʒis;x;x;siʒtiton
3;120;23;aus1;notitʒis;unsafe;l;;8;312023aus1notitʒis;323notitʒis;x;x;siʒtiton
3;114;29;aus2;notitʒis;unsafe;l;;8;311429aus2notitʒis;329notitʒis;x;x;siʒtiton
3;107;24;aus2;notitʒis;unsafe;l;;8;310724aus2notitʒis;324notitʒis;x;x;siʒtiton
3;104;26;aus2;notitʒis;unsafe;l;;8;310426aus2notitʒis;326notitʒis;x;x;siʒtiton
3;87;23;aus1;notitʒis;unsafe;l;;8;38723aus1notitʒis;323notitʒis;x;x;siʒtiton
3;78;20;intr;notitʒis;unsafe;l;;8;37820intrnotitʒis;320notitʒis;x;x;siʒtiton
3;63;9;aus1;notitʒis;unsafe;l;;8;3639aus1notitʒis;39notitʒis;x;x;siʒtiton
3;51;19;aus2;notitʒis;unsafe;l;;8;35119aus2notitʒis;319notitʒis;x;x;siʒtiton
3;48;17;aus2;notitʒis;unsafe;l;;8;34817aus2notitʒis;317notitʒis;x;x;siʒtiton
3;32;19;intr;notitʒis;unsafe;l;;8;33219intrnotitʒis;319notitʒis;x;x;siʒtiton
3;31;31;aus2;notitʒis;unsafe;l;;8;33131aus2notitʒis;331notitʒis;x;x;siʒtiton
3;29;15;aus2;notitʒis;unsafe;l;;8;32915aus2notitʒis;315notitʒis;x;x;siʒtiton
3;27;20;aus2;notitʒis;unsafe;l;;8;32720aus2notitʒis;320notitʒis;x;x;siʒtiton
3;24;9;aus2;notitʒis;unsafe;l;;8;3249aus2notitʒis;39notitʒis;x;x;siʒtiton
3;12;15;aus2;notitʒis;unsafe;l;;8;31215aus2notitʒis;315notitʒis;x;x;siʒtiton
3;8;14;aus1;notitʒis;unsafe;l;;8;3814aus1notitʒis;314notitʒis;x;x;siʒtiton
3;7;5;peri;notitʒis;unsafe;l;;8;375perinotitʒis;35notitʒis;x;x;siʒtiton
2;190;23;aus2;notitʒis;unsafe;l;;8;219023aus2notitʒis;223notitʒis;x;x;siʒtiton
2;144;12;aus2;notitʒis;unsafe;l;;8;214412aus2notitʒis;212notitʒis;x;x;siʒtiton
2;46;29;aus1;notitʒis;unsafe;l;;8;24629aus1notitʒis;229notitʒis;x;x;siʒtiton
2;27;10;aus2;notitʒis;unsafe;l;;8;22710aus2notitʒis;210notitʒis;x;x;siʒtiton
1;555;4;aus2;notitʒis;unsafe;l;;8;15554aus2notitʒis;14notitʒis;x;x;siʒtiton
1;480;23;aus2;notitʒis;unsafe;l;;8;148023aus2notitʒis;123notitʒis;x;x;siʒtiton
1;429;14;aus2;notitʒis;unsafe;l;;8;142914aus2notitʒis;114notitʒis;x;x;siʒtiton
1;423;24;aus2;notitʒis;unsafe;l;;8;142324aus2notitʒis;124notitʒis;x;x;siʒtiton
1;421;26;aus1;notitʒis;unsafe;l;;8;142126aus1notitʒis;126notitʒis;x;x;siʒtiton
1;420;20;peri;notitʒis;unsafe;l;;8;142020perinotitʒis;120notitʒis;x;x;siʒtiton
1;419;3;peri;notitʒis;unsafe;l;;8;14193perinotitʒis;13notitʒis;x;x;siʒtiton
1;417;21;intr;notitʒis;unsafe;l;;8;141721intrnotitʒis;121notitʒis;x;x;siʒtiton
1;408;12;aus1;notitʒis;unsafe;l;;8;140812aus1notitʒis;112notitʒis;x;x;siʒtiton
1;381;28;aus1;notitʒis;unsafe;l;;8;138128aus1notitʒis;128notitʒis;x;x;siʒtiton
1;359;24;aus2;notitʒis;unsafe;l;;8;135924aus2notitʒis;124notitʒis;x;x;siʒtiton
1;357;25;aus2;notitʒis;unsafe;l;;8;135725aus2notitʒis;125notitʒis;x;x;siʒtiton
1;323;1;aus2;notitʒis;unsafe;l;;8;13231aus2notitʒis;11notitʒis;x;x;siʒtiton
1;291;12;aus2;notitʒis;unsafe;l;;8;129112aus2notitʒis;112notitʒis;x;x;siʒtiton
1;275;19;aus2;notitʒis;unsafe;l;;8;127519aus2notitʒis;119notitʒis;x;x;siʒtiton
1;275;16;aus2;notitʒis;unsafe;l;;8;127516aus2notitʒis;116notitʒis;x;x;siʒtiton
1;272;28;aus2;notitʒis;unsafe;l;;8;127228aus2notitʒis;128notitʒis;x;x;siʒtiton
1;220;17;intr;notitʒis;unsafe;l;;8;122017intrnotitʒis;117notitʒis;x;x;siʒtiton
1;212;21;aus2;notitʒis;unsafe;l;;8;121221aus2notitʒis;121notitʒis;x;x;siʒtiton
1;185;6;aus2;notitʒis;unsafe;l;;8;11856aus2notitʒis;16notitʒis;x;x;siʒtiton
1;149;27;aus2;notitʒis;unsafe;l;;8;114927aus2notitʒis;127notitʒis;x;x;siʒtiton
1;148;30;aus2;notitʒis;unsafe;l;;8;114830aus2notitʒis;130notitʒis;x;x;siʒtiton
1;97;21;aus2;notitʒis;unsafe;l;;8;19721aus2notitʒis;121notitʒis;x;x;siʒtiton
1;62;22;aus2;notitʒis;unsafe;l;;8;16222aus2notitʒis;122notitʒis;x;x;siʒtiton
1;61;26;aus1;notitʒis;unsafe;l;;8;16126aus1notitʒis;126notitʒis;x;x;siʒtiton
2;309;9;aus1;notitʒis;unsafe;l;;8;23099aus1notitʒis;29notitʒis;x;x;siʒtiton
2;368;17;peri;notitʒis;unsafe;l;;8;236817perinotitʒis;217notitʒis;x;x;siʒtiton
1;322;12;aus2;ißtitʒis;unsafe;l;;8;132212aus2ißtitʒis;112ißtitʒis;x;x;siʒtitßi
2;22;23;aus2;iß⸗altʒis;unsafe;l;;9;22223aus2iß⸗altʒis;223iß⸗altʒis;x;x;siʒtla⸗ßi
1;472;25;aus2;iß⸗altʒis;unsafe;l;;9;147225aus2iß⸗altʒis;125iß⸗altʒis;x;x;siʒtla⸗ßi
1;456;17;aus2;iß⸗alltʒis;unsafe;l;;10;145617aus2iß⸗alltʒis;117iß⸗alltʒis;x;x;siʒtlla⸗ßi
1;118;18;aus2;us⸗willtʒis;unsafe;l;;11;111818aus2us⸗willtʒis;118us⸗willtʒis;x;x;siʒtlliw⸗su
2;329;8;aus2;ẜautʒis;unsafe;l;;7;23298aus2ẜautʒis;28ẜautʒis;x;x;siʒtuaẜ
2;27;14;aus2;pee⸗ẜautʒis;unsafe;l;;11;22714aus2pee⸗ẜautʒis;214pee⸗ẜautʒis;x;x;siʒtuaẜ⸗eep
3;22;20;aus2;noẜautʒis;unsafe;l;;9;32220aus2noẜautʒis;320noẜautʒis;x;x;siʒtuaẜon
2;82;4;aus2;iß⸗ſprutʒis;unsafe;l;;11;2824aus2iß⸗ſprutʒis;24iß⸗ſprutʒis;x;x;siʒturpſ⸗ßi
3;13;19;aus2;ißſprutʒis;unsafe;l;;10;31319aus2ißſprutʒis;319ißſprutʒis;x;x;siʒturpſßi
1;173;25;aus2;ẜajauʒis;unsafe;l;;8;117325aus2ẜajauʒis;125ẜajauʒis;x;x;siʒuajaẜ
1;170;19;peri;ẜajauʒis;unsafe;l;;8;117019periẜajauʒis;119ẜajauʒis;x;x;siʒuajaẜ
3;175;11;aus2;/ißplauʒis;unsafe;l;;10;317511aus2/ißplauʒis;311/ißplauʒis;x;x;siʒualpßi/
1;508;24;aus2;brauʒis;unsafe;l;;7;150824aus2brauʒis;124brauʒis;x;x;siʒuarb
1;507;4;aus2;brauʒis;unsafe;l;;7;15074aus2brauʒis;14brauʒis;x;x;siʒuarb
1;507;3;aus2;brauʒis;unsafe;l;;7;15073aus2brauʒis;13brauʒis;x;x;siʒuarb
1;506;5;aus2;brauʒis;unsafe;l;;7;15065aus2brauʒis;15brauʒis;x;x;siʒuarb
1;105;26;aus2;brauʒis;unsafe;l;;7;110526aus2brauʒis;126brauʒis;x;x;siʒuarb
1;15;18;aus2;brauʒis;unsafe;l;;7;11518aus2brauʒis;118brauʒis;x;x;siʒuarb
1;506;6;aus2;ee⸗brauʒis;unsafe;l;;10;15066aus2ee⸗brauʒis;16ee⸗brauʒis;x;x;siʒuarb⸗ee
1;169;11;aus2;no⸗brauʒis;unsafe;l;;10;116911aus2no⸗brauʒis;111no⸗brauʒis;x;x;siʒuarb⸗on
1;508;9;aus2;us⸗brauʒis;unsafe;l;;10;15089aus2us⸗brauʒis;19us⸗brauʒis;x;x;siʒuarb⸗su
1;233;11;aus2;us⸗brauʒis;unsafe;l;;10;123311aus2us⸗brauʒis;111us⸗brauʒis;x;x;siʒuarb⸗su
1;512;26;aus2;usbrauʒis;unsafe;l;;9;151226aus2usbrauʒis;126usbrauʒis;x;x;siʒuarbsu
1;510;20;aus2;usbrauʒis;unsafe;l;;9;151020aus2usbrauʒis;120usbrauʒis;x;x;siʒuarbsu
1;510;1;aus2;usbrauʒis;unsafe;l;;9;15101aus2usbrauʒis;11usbrauʒis;x;x;siʒuarbsu
1;506;22;aus2;usbrauʒis;unsafe;l;;9;150622aus2usbrauʒis;122usbrauʒis;x;x;siʒuarbsu
1;505;28;aus2;usbrauʒis;unsafe;l;;9;150528aus2usbrauʒis;128usbrauʒis;x;x;siʒuarbsu
1;505;22;aus2;usbrauʒis;unsafe;l;;9;150522aus2usbrauʒis;122usbrauʒis;x;x;siʒuarbsu
1;502;23;aus2;usbrauʒis;unsafe;l;;9;150223aus2usbrauʒis;123usbrauʒis;x;x;siʒuarbsu
1;502;16;aus2;usbrauʒis;unsafe;l;;9;150216aus2usbrauʒis;116usbrauʒis;x;x;siʒuarbsu
1;502;9;aus1;usbrauʒis;unsafe;l;;9;15029aus1usbrauʒis;19usbrauʒis;x;x;siʒuarbsu
1;502;2;aus1;usbrauʒis;unsafe;l;;9;15022aus1usbrauʒis;12usbrauʒis;x;x;siʒuarbsu
1;169;12;aus2;usbrauʒis;unsafe;l;;9;116912aus2usbrauʒis;112usbrauʒis;x;x;siʒuarbsu
1;162;10;aus2;usbrauʒis;unsafe;l;;9;116210aus2usbrauʒis;110usbrauʒis;x;x;siʒuarbsu
2;156;21;aus2;ẜauʒis;unsafe;l;;6;215621aus2ẜauʒis;221ẜauʒis;x;x;siʒuaẜ
3;32;4;aus2;peeẜauʒis;unsafe;l;;9;3324aus2peeẜauʒis;34peeẜauʒis;x;x;siʒuaẜeep
1;484;13;aus2;peeẜauʒis;unsafe;l;;9;148413aus2peeẜauʒis;113peeẜauʒis;x;x;siʒuaẜeep
2;86;26;aus2;noẜauʒis;unsafe;l;;8;28626aus2noẜauʒis;226noẜauʒis;x;x;siʒuaẜon
3;132;11;aus2;ghribbeeß;unsafe;l;?;9;313211aus2ghribbeeß;311ghribbeeß;x;x;ßeebbirhg
2;119;29;aus2;ghribbeeß;unsafe;l;?;9;211929aus2ghribbeeß;229ghribbeeß;x;x;ßeebbirhg
1;445;25;aus2;ghribbeeß;unsafe;l;?;9;144525aus2ghribbeeß;125ghribbeeß;x;x;ßeebbirhg
1;175;10;aus2;ghribbeeß;unsafe;l;?;9;117510aus2ghribbeeß;110ghribbeeß;x;x;ßeebbirhg
1;164;8;aus2;ghribbeeß;unsafe;l;?;9;11648aus2ghribbeeß;18ghribbeeß;x;x;ßeebbirhg
2;426;25;aus2;ghribbeeß;unsafe;l;?;9;242625aus2ghribbeeß;225ghribbeeß;x;x;ßeebbirhg
3;128;2;aus2;ee⸗ghribbeeß;unsafe;l;?;12;31282aus2ee⸗ghribbeeß;32ee⸗ghribbeeß;x;x;ßeebbirhg⸗ee
1;236;4;aus2;ee⸗ghribbeeß;unsafe;l;?;12;12364aus2ee⸗ghribbeeß;14ee⸗ghribbeeß;x;x;ßeebbirhg⸗ee
1;236;2;aus2;ee⸗ghribbeeß;unsafe;l;?;12;12362aus2ee⸗ghribbeeß;12ee⸗ghribbeeß;x;x;ßeebbirhg⸗ee
3;7;8;peri;abgherbeeß;unsafe;l;?;10;378periabgherbeeß;38abgherbeeß;x;x;ßeebrehgba
1;44;19;aus2;ab⸗ghehrbeeß;unsafe;l;?;12;14419aus2ab⸗ghehrbeeß;119ab⸗ghehrbeeß;x;x;ßeebrhehg⸗ba
1;44;17;aus2;ab⸗ghehrbeeß;unsafe;l;?;12;14417aus2ab⸗ghehrbeeß;117ab⸗ghehrbeeß;x;x;ßeebrhehg⸗ba
2;103;26;aus2;pall⸗deeß;unsafe;l;?;9;210326aus2pall⸗deeß;226pall⸗deeß;x;x;ßeed⸗llap
1;131;26;aus2;weddeeß;unsafe;l;?;7;113126aus2weddeeß;126weddeeß;x;x;ßeeddew
3;56;31;aus2;ẜpeedeeß;unsafe;l;?;8;35631aus2ẜpeedeeß;331ẜpeedeeß;x;x;ßeedeepẜ
2;133;23;aus2;pee⸗ehdeeß;unsafe;l;?;10;213323aus2pee⸗ehdeeß;223pee⸗ehdeeß;x;x;ßeedhe⸗eep
1;496;25;aus2;pee⸗ehdeeß;unsafe;l;?;10;149625aus2pee⸗ehdeeß;125pee⸗ehdeeß;x;x;ßeedhe⸗eep
2;171;12;peri;ẜehdeeß;unsafe;l;?;7;217112periẜehdeeß;212ẜehdeeß;x;x;ßeedheẜ
1;508;15;aus2;ẜehdeeß;unsafe;l;?;7;150815aus2ẜehdeeß;115ẜehdeeß;x;x;ßeedheẜ
1;507;1;aus2;ẜehdeeß;unsafe;l;?;7;15071aus2ẜehdeeß;11ẜehdeeß;x;x;ßeedheẜ
1;357;21;aus2;ẜehdeeß;unsafe;l;?;7;135721aus2ẜehdeeß;121ẜehdeeß;x;x;ßeedheẜ
1;169;12;aus2;ẜehdeeß;unsafe;l;?;7;116912aus2ẜehdeeß;112ẜehdeeß;x;x;ßeedheẜ
2;319;6;peri;ẜehdeeß;unsafe;l;?;7;23196periẜehdeeß;26ẜehdeeß;x;x;ßeedheẜ
2;328;29;aus2;ẜehdeeß;unsafe;l;?;7;232829aus2ẜehdeeß;229ẜehdeeß;x;x;ßeedheẜ
2;134;8;aus2;pa⸗ẜehdeeß;unsafe;l;?;10;21348aus2pa⸗ẜehdeeß;28pa⸗ẜehdeeß;x;x;ßeedheẜ⸗ap
1;288;18;aus2;no⸗laideeß;unsafe;l;?;10;128818aus2no⸗laideeß;118no⸗laideeß;x;x;ßeedial⸗on
2;131;9;aus2;palaideeß;unsafe;l;?;9;21319aus2palaideeß;29palaideeß;x;x;ßeedialap
2;396;31;aus2;peelaideeß;unsafe;l;?;10;239631aus2peelaideeß;231peelaideeß;x;x;ßeedialeep
1;288;9;aus2;nolaideeß;unsafe;l;?;9;12889aus2nolaideeß;19nolaideeß;x;x;ßeedialon
2;91;25;aus2;ʒaͤhluScheeß;unsafe;u;;12;29125aus2ʒaͤhluScheeß;225ʒaͤhluScheeß;x;x;ßeehcSulhͤaʒ
3;54;25;aus2;ẜcheeß;unsafe;l;;6;35425aus2ẜcheeß;325ẜcheeß;x;x;ßeehcẜ
1;321;26;aus2;ẜcheeß;unsafe;l;;6;132126aus2ẜcheeß;126ẜcheeß;x;x;ßeehcẜ
2;285;3;aus2;ẜcheeß;unsafe;l;;6;22853aus2ẜcheeß;23ẜcheeß;x;x;ßeehcẜ
2;64;2;aus2;ſteiguſẜcheeß;safe;l;;13;2642aus2ſteiguſẜcheeß;22ſteiguſẜcheeß;x;x;ßeehcẜſugietſ
3;162;22;aus2;beighuſẜcheeß;safe;l;;13;316222aus2beighuſẜcheeß;322beighuſẜcheeß;x;x;ßeehcẜſuhgieb
2;64;2;aus2;ſteighuſẜcheeß;safe;l;;14;2642aus2ſteighuſẜcheeß;22ſteighuſẜcheeß;x;x;ßeehcẜſuhgietſ
1;194;25;aus2;juſẜcheeß;safe;l;;9;119425aus2juſẜcheeß;125juſẜcheeß;x;x;ßeehcẜſuj
1;430;8;aus2;ais⸗ẜlaͤkuſẜcheeß;safe;l;;17;14308aus2ais⸗ẜlaͤkuſẜcheeß;18ais⸗ẜlaͤkuſẜcheeß;x;x;ßeehcẜſukͤalẜ⸗sia
2;377;11;aus2;attrebuẜcheeß;safe;l;;13;237711aus2attrebuẜcheeß;211attrebuẜcheeß;x;x;ßeehcẜubertta
2;58;11;aus2;pee⸗aͤduẜcheeß;safe;l;;14;25811aus2pee⸗aͤduẜcheeß;211pee⸗aͤduẜcheeß;x;x;ßeehcẜudͤa⸗eep
2;377;11;aus2;attkohduẜcheeß;safe;l;;14;237711aus2attkohduẜcheeß;211attkohduẜcheeß;x;x;ßeehcẜudhoktta
1;416;11;aus2;juẜcheeß;safe;l;;8;141611aus2juẜcheeß;111juẜcheeß;x;x;ßeehcẜuj
3;195;18;peri;attghahdajuẜcheeß;safe;l;;17;319518periattghahdajuẜcheeß;318attghahdajuẜcheeß;x;x;ßeehcẜujadhahgtta
1;135;10;aus2;baͤhdajuẜcheeß;safe;l;;14;113510aus2baͤhdajuẜcheeß;110baͤhdajuẜcheeß;x;x;ßeehcẜujadhͤab
1;135;10;aus2;bijajuẜcheeß;safe;l;;12;113510aus2bijajuẜcheeß;110bijajuẜcheeß;x;x;ßeehcẜujajib
3;200;7;aus2;ißbijajuẜcheeß;safe;l;;14;32007aus2ißbijajuẜcheeß;37ißbijajuẜcheeß;x;x;ßeehcẜujajibßi
3;18;6;aus2;ißbijajuẜcheeß;safe;l;;14;3186aus2ißbijajuẜcheeß;36ißbijajuẜcheeß;x;x;ßeehcẜujajibßi
3;97;9;aus2;dohmajuẜcheeß;safe;l;;13;3979aus2dohmajuẜcheeß;39dohmajuẜcheeß;x;x;ßeehcẜujamhod
1;174;30;aus2;runnajuẜcheeß;safe;l;;13;117430aus2runnajuẜcheeß;130runnajuẜcheeß;x;x;ßeehcẜujannur
1;275;2;aus2;norunnajuẜcheeß;safe;l;;15;12752aus2norunnajuẜcheeß;12norunnajuẜcheeß;x;x;ßeehcẜujannuron
3;13;1;aus2;aprunnajuſcheeß;safe;l;;15;3131aus2aprunnajuſcheeß;31aprunnajuſcheeß;x;x;ßeehcſujannurpa
3;105;19;aus2;ẜakrajuẜcheeß;safe;l;;13;310519aus2ẜakrajuẜcheeß;319ẜakrajuẜcheeß;x;x;ßeehcẜujarkaẜ
1;275;3;aus2;ẜaderrejuẜcheeß;safe;l;;15;12753aus2ẜaderrejuẜcheeß;13ẜaderrejuẜcheeß;x;x;ßeehcẜujerredaẜ
2;424;11;aus2;ẜaderrejuẜcheeß;safe;l;;15;242411aus2ẜaderrejuẜcheeß;211ẜaderrejuẜcheeß;x;x;ßeehcẜujerredaẜ
1;135;25;aus2;usturrejuẜcheeß;safe;l;;15;113525aus2usturrejuẜcheeß;125usturrejuẜcheeß;x;x;ßeehcẜujerrutsu
3;94;28;aus2;ee⸗kiewejuẜcheeß;safe;l;;16;39428aus2ee⸗kiewejuẜcheeß;328ee⸗kiewejuẜcheeß;x;x;ßeehcẜujeweik⸗ee
3;83;19;peri;ẜapullʒejuſcheeß;safe;l;;16;38319periẜapullʒejuſcheeß;319ẜapullʒejuſcheeß;x;x;ßeehcſujeʒllupaẜ
2;285;30;aus2;ẜapullʒejuẜcheeß;safe;l;;16;228530aus2ẜapullʒejuẜcheeß;230ẜapullʒejuẜcheeß;x;x;ßeehcẜujeʒllupaẜ
1;143;25;aus1;ab⸗pretʒejuẜcheeß;safe;l;;17;114325aus1ab⸗pretʒejuẜcheeß;125ab⸗pretʒejuẜcheeß;x;x;ßeehcẜujeʒterp⸗ba
3;51;21;aus2;bijuẜcheeß;safe;l;;10;35121aus2bijuẜcheeß;321bijuẜcheeß;x;x;ßeehcẜujib
1;189;14;aus2;pahr⸗bijuẜcheeß;safe;l;;15;118914aus2pahr⸗bijuẜcheeß;114pahr⸗bijuẜcheeß;x;x;ßeehcẜujib⸗rhap
2;229;23;aus2;ghaddijuſcheeß;safe;l;;14;222923aus2ghaddijuſcheeß;223ghaddijuſcheeß;x;x;ßeehcſujiddahg
2;161;13;aus2;raddijuẜcheeß;safe;l;;13;216113aus2raddijuẜcheeß;213raddijuẜcheeß;x;x;ßeehcẜujiddar
2;160;23;aus2;raddijuẜcheeß;safe;l;;13;216023aus2raddijuẜcheeß;223raddijuẜcheeß;x;x;ßeehcẜujiddar
3;204;28;aus2;rahdijuẜcheeß;safe;l;;13;320428aus2rahdijuẜcheeß;328rahdijuẜcheeß;x;x;ßeehcẜujidhar
2;283;26;aus2;rahdijuẜcheeß;safe;l;;13;228326aus2rahdijuẜcheeß;226rahdijuẜcheeß;x;x;ßeehcẜujidhar
3;154;19;aus2;dallijuẜcheeß;safe;l;;13;315419aus2dallijuẜcheeß;319dallijuẜcheeß;x;x;ßeehcẜujillad
2;308;26;aus1;klauſẜijuẜcheeß;safe;l;;15;230826aus1klauſẜijuẜcheeß;226klauſẜijuẜcheeß;x;x;ßeehcẜujiẜſualk
2;308;26;aus1;ſkattijuſcheeß;safe;l;;14;230826aus1ſkattijuſcheeß;226ſkattijuſcheeß;x;x;ßeehcſujittakſ
3;124;9;aus2;ißkrattijuẜcheeß;safe;l;;16;31249aus2ißkrattijuẜcheeß;39ißkrattijuẜcheeß;x;x;ßeehcẜujittarkßi
2;17;11;aus1;mahʒijuẜcheeß;safe;l;;13;21711aus1mahʒijuẜcheeß;211mahʒijuẜcheeß;x;x;ßeehcẜujiʒham
1;486;15;aus2;mahʒijuẜcheeß;safe;l;;13;148615aus2mahʒijuẜcheeß;115mahʒijuẜcheeß;x;x;ßeehcẜujiʒham
1;422;10;aus1;mahʒijuẜcheeß;safe;l;;13;142210aus1mahʒijuẜcheeß;110mahʒijuẜcheeß;x;x;ßeehcẜujiʒham
1;79;17;aus2;mahʒijuẜcheeß;safe;l;;13;17917aus2mahʒijuẜcheeß;117mahʒijuẜcheeß;x;x;ßeehcẜujiʒham
1;63;13;aus2;mahʒijuẜcheeß;safe;l;;13;16313aus2mahʒijuẜcheeß;113mahʒijuẜcheeß;x;x;ßeehcẜujiʒham
1;400;9;aus2;ißbailojuẜcheeß;safe;l;;15;14009aus2ißbailojuẜcheeß;19ißbailojuẜcheeß;x;x;ßeehcẜujoliabßi
3;64;28;aus1;lickuẜcheeß;safe;l;;11;36428aus1lickuẜcheeß;328lickuẜcheeß;x;x;ßeehcẜukcil
2;162;5;aus2;lickuẜcheeß;safe;l;;11;21625aus2lickuẜcheeß;25lickuẜcheeß;x;x;ßeehcẜukcil
2;424;8;aus2;lickuẜcheeß;safe;l;;11;24248aus2lickuẜcheeß;28lickuẜcheeß;x;x;ßeehcẜukcil
1;116;13;aus2;apwillkuẜcheeß;safe;l;;14;111613aus2apwillkuẜcheeß;113apwillkuẜcheeß;x;x;ßeehcẜuklliwpa
3;40;8;aus2;eepirrkuẜcheeß;safe;l;;14;3408aus2eepirrkuẜcheeß;38eepirrkuẜcheeß;x;x;ßeehcẜukrripee
1;234;14;aus2;luẜcheeß;safe;l;;8;123414aus2luẜcheeß;114luẜcheeß;x;x;ßeehcẜul
3;40;8;aus2;ee⸗wieluẜcheeß;safe;l;;14;3408aus2ee⸗wieluẜcheeß;38ee⸗wieluẜcheeß;x;x;ßeehcẜuleiw⸗ee
3;203;31;aus2;ʒaͤhluẜcheeß;safe;l;;12;320331aus2ʒaͤhluẜcheeß;331ʒaͤhluẜcheeß;x;x;ßeehcẜulhͤaʒ
3;203;27;aus2;ʒaͤhluẜcheeß;safe;l;;12;320327aus2ʒaͤhluẜcheeß;327ʒaͤhluẜcheeß;x;x;ßeehcẜulhͤaʒ
3;47;27;aus2;ʒaͤhluẜcheeß;safe;l;;12;34727aus2ʒaͤhluẜcheeß;327ʒaͤhluẜcheeß;x;x;ßeehcẜulhͤaʒ
3;43;13;aus2;jaͤmuẜcheeß;safe;l;;11;34313aus2jaͤmuẜcheeß;313jaͤmuẜcheeß;x;x;ßeehcẜumͤaj
2;285;4;aus2;jaͤmuẜcheeß;safe;l;;11;22854aus2jaͤmuẜcheeß;24jaͤmuẜcheeß;x;x;ßeehcẜumͤaj
3;105;17;aus2;ee⸗jaͤmuẜcheeß;safe;l;;14;310517aus2ee⸗jaͤmuẜcheeß;317ee⸗jaͤmuẜcheeß;x;x;ßeehcẜumͤaj⸗ee
2;312;1;aus2;jaͤhmuẜcheeß;safe;l;;12;23121aus2jaͤhmuẜcheeß;21jaͤhmuẜcheeß;x;x;ßeehcẜumhͤaj
1;435;27;aus1;paẜlaͤpuẜcheeß;safe;l;;14;143527aus1paẜlaͤpuẜcheeß;127paẜlaͤpuẜcheeß;x;x;ßeehcẜupͤalẜap
2;96;29;aus2;iß⸗ſteepuẜcheeß;safe;l;;15;29629aus2iß⸗ſteepuẜcheeß;229iß⸗ſteepuẜcheeß;x;x;ßeehcẜupeetſ⸗ßi
1;344;9;aus2;ruẜcheeß;safe;l;;8;13449aus2ruẜcheeß;19ruẜcheeß;x;x;ßeehcẜur
3;161;6;aus2;ſchkieruẜcheeß;safe;l;;14;31616aus2ſchkieruẜcheeß;36ſchkieruẜcheeß;x;x;ßeehcẜureikhcſ
2;315;20;aus2;ẜabahruſcheeß;safe;l;;13;231520aus2ẜabahruſcheeß;220ẜabahruſcheeß;x;x;ßeehcſurhabaẜ
3;62;17;aus1;kuhruẜcheeß;safe;l;;11;36217aus1kuhruẜcheeß;317kuhruẜcheeß;x;x;ßeehcẜurhuk
1;344;15;aus2;attſchkirruẜcheeß;safe;l;;17;134415aus2attſchkirruẜcheeß;115attſchkirruẜcheeß;x;x;ßeehcẜurrikhcſtta
1;181;12;aus2;attghreeſuſcheeß;safe;l;;16;118112aus2attghreeſuſcheeß;112attghreeſuſcheeß;x;x;ßeehcſuſeerhgtta
1;135;9;aus2;no⸗puhtuſcheeß;safe;l;;14;11359aus2no⸗puhtuſcheeß;19no⸗puhtuſcheeß;x;x;ßeehcſuthup⸗on
2;287;26;aus2;maͤttuẜcheeß;safe;l;;12;228726aus2maͤttuẜcheeß;226maͤttuẜcheeß;x;x;ßeehcẜuttͤam
3;135;23;aus2;ſchkittuẜcheeß;safe;l;;14;313523aus2ſchkittuẜcheeß;323ſchkittuẜcheeß;x;x;ßeehcẜuttikhcſ
1;271;3;aus2;daͤwuẜcheeß;safe;l;;11;12713aus2daͤwuẜcheeß;13daͤwuẜcheeß;x;x;ßeehcẜuwͤad
1;237;9;aus2;padaͤwuẜcheeß;safe;l;;13;12379aus2padaͤwuẜcheeß;19padaͤwuẜcheeß;x;x;ßeehcẜuwͤadap
3;105;2;aus2;apdaͤwuſcheeß;safe;l;;13;31052aus2apdaͤwuſcheeß;32apdaͤwuſcheeß;x;x;ßeehcſuwͤadpa
1;5;23;aus2;Ꞩarrghajieeß;unsafe;l;?;12;1523aus2Ꞩarrghajieeß;123Ꞩarrghajieeß;x;x;ßeeijahgrraꞨ
2;92;17;aus2;dajeeß;safe;l;?;6;29217aus2dajeeß;217dajeeß;x;x;ßeejad
1;452;9;aus2;dajeeß;safe;l;?;6;14529aus2dajeeß;19dajeeß;x;x;ßeejad
1;397;11;aus2;ghadajeeß;safe;l;?;9;139711aus2ghadajeeß;111ghadajeeß;x;x;ßeejadahg
3;128;8;aus2;ee⸗ghadajeeß;safe;l;?;12;31288aus2ee⸗ghadajeeß;38ee⸗ghadajeeß;x;x;ßeejadahg⸗ee
3;126;4;aus2;ee⸗ghadajeeß;safe;l;?;12;31264aus2ee⸗ghadajeeß;34ee⸗ghadajeeß;x;x;ßeejadahg⸗ee
3;187;12;aus2;attghadajeeß;safe;l;?;12;318712aus2attghadajeeß;312attghadajeeß;x;x;ßeejadahgtta
3;30;9;aus2;attghadajeeß;safe;l;?;12;3309aus2attghadajeeß;39attghadajeeß;x;x;ßeejadahgtta
2;52;8;aus2;attghadajeeß;safe;l;?;12;2528aus2attghadajeeß;28attghadajeeß;x;x;ßeejadahgtta
2;406;22;aus1;attghadajeeß;safe;l;?;12;240622aus1attghadajeeß;222attghadajeeß;x;x;ßeejadahgtta
1;522;7;aus2;baͤdajeeß;safe;l;?;9;15227aus2baͤdajeeß;17baͤdajeeß;x;x;ßeejadͤab
1;135;17;aus2;baͤdajeeß;safe;l;?;9;113517aus2baͤdajeeß;117baͤdajeeß;x;x;ßeejadͤab
3;67;20;aus1;ee⸗ghahdajeeß;safe;l;?;13;36720aus1ee⸗ghahdajeeß;320ee⸗ghahdajeeß;x;x;ßeejadhahg⸗ee
2;109;12;aus2;baͤhdajeeß;safe;l;?;10;210912aus2baͤhdajeeß;212baͤhdajeeß;x;x;ßeejadhͤab
1;323;5;aus2;baͤhdajeeß;safe;l;?;10;13235aus2baͤhdajeeß;15baͤhdajeeß;x;x;ßeejadhͤab
1;195;25;aus2;baͤhdajeeß;safe;l;?;10;119525aus2baͤhdajeeß;125baͤhdajeeß;x;x;ßeejadhͤab
2;263;4;aus2;baͤhdajeeß;safe;l;?;10;22634aus2baͤhdajeeß;24baͤhdajeeß;x;x;ßeejadhͤab
2;343;23;aus2;baͤhdajeeß;safe;l;?;10;234323aus2baͤhdajeeß;223baͤhdajeeß;x;x;ßeejadhͤab
2;415;5;aus2;ghajeeß;safe;l;?;7;24155aus2ghajeeß;25ghajeeß;x;x;ßeejahg
2;150;18;aus2;ẜarrghajeeß;safe;l;?;11;215018aus2ẜarrghajeeß;218ẜarrghajeeß;x;x;ßeejahgrraẜ
3;213;22;aus2;ẜarrghajeeß;safe;l;?;11;321322aus2ẜarrghajeeß;322ẜarrghajeeß;x;x;ßeejahgrraẜ
3;129;6;aus2;ẜarrghajeeß;safe;l;?;11;31296aus2ẜarrghajeeß;36ẜarrghajeeß;x;x;ßeejahgrraẜ
3;114;24;aus2;ẜarrghajeeß;safe;l;?;11;311424aus2ẜarrghajeeß;324ẜarrghajeeß;x;x;ßeejahgrraẜ
3;58;1;aus2;ẜarrghajeeß;safe;l;?;11;3581aus2ẜarrghajeeß;31ẜarrghajeeß;x;x;ßeejahgrraẜ
3;28;28;aus2;ẜarrghajeeß;safe;l;?;11;32828aus2ẜarrghajeeß;328ẜarrghajeeß;x;x;ßeejahgrraẜ
2;179;27;aus2;ẜarrghajeeß;safe;l;?;11;217927aus2ẜarrghajeeß;227ẜarrghajeeß;x;x;ßeejahgrraẜ
2;166;13;aus2;ẜarrghajeeß;safe;l;?;11;216613aus2ẜarrghajeeß;213ẜarrghajeeß;x;x;ßeejahgrraẜ
2;165;27;aus2;ẜarrghajeeß;safe;l;?;11;216527aus2ẜarrghajeeß;227ẜarrghajeeß;x;x;ßeejahgrraẜ
2;23;1;aus2;ẜarrghajeeß;safe;l;?;11;2231aus2ẜarrghajeeß;21ẜarrghajeeß;x;x;ßeejahgrraẜ
1;378;12;aus2;ẜarrghajeeß;safe;l;?;11;137812aus2ẜarrghajeeß;112ẜarrghajeeß;x;x;ßeejahgrraẜ
1;331;5;aus2;ẜarrghajeeß;safe;l;?;11;13315aus2ẜarrghajeeß;15ẜarrghajeeß;x;x;ßeejahgrraẜ
1;292;2;aus2;ẜarrghajeeß;safe;l;?;11;12922aus2ẜarrghajeeß;12ẜarrghajeeß;x;x;ßeejahgrraẜ
1;263;11;aus2;ẜarrghajeeß;safe;l;?;11;126311aus2ẜarrghajeeß;111ẜarrghajeeß;x;x;ßeejahgrraẜ
1;249;18;aus2;ẜarrghajeeß;safe;l;?;11;124918aus2ẜarrghajeeß;118ẜarrghajeeß;x;x;ßeejahgrraẜ
1;178;5;aus2;ẜarrghajeeß;safe;l;?;11;11785aus2ẜarrghajeeß;15ẜarrghajeeß;x;x;ßeejahgrraẜ
1;175;9;aus2;ẜarrghajeeß;safe;l;?;11;11759aus2ẜarrghajeeß;19ẜarrghajeeß;x;x;ßeejahgrraẜ
2;401;18;aus2;ẜarrghajeeß;safe;l;?;11;240118aus2ẜarrghajeeß;218ẜarrghajeeß;x;x;ßeejahgrraẜ
2;310;26;aus2;ẜarrghajeeß;safe;l;?;11;231026aus2ẜarrghajeeß;226ẜarrghajeeß;x;x;ßeejahgrraẜ
2;373;31;aus2;ẜarrghajeeß;safe;l;?;11;237331aus2ẜarrghajeeß;231ẜarrghajeeß;x;x;ßeejahgrraẜ
2;411;8;aus2;ẜarrghajeeß;safe;l;?;11;24118aus2ẜarrghajeeß;28ẜarrghajeeß;x;x;ßeejahgrraẜ
2;423;28;aus2;ẜarrghajeeß;safe;l;?;11;242328aus2ẜarrghajeeß;228ẜarrghajeeß;x;x;ßeejahgrraẜ
2;204;29;aus2;Ꞩarrghajeeß;safe;l;?;11;220429aus2Ꞩarrghajeeß;229Ꞩarrghajeeß;x;x;ßeejahgrraꞨ
1;331;3;aus2;Ꞩarrghajeeß;safe;l;?;11;13313aus2Ꞩarrghajeeß;13Ꞩarrghajeeß;x;x;ßeejahgrraꞨ
1;97;4;aus2;Ꞩarrghajeeß;safe;l;?;11;1974aus2Ꞩarrghajeeß;14Ꞩarrghajeeß;x;x;ßeejahgrraꞨ
1;349;8;aus2;Ꞩarrghajeeß;safe;l;?;11;13498aus2Ꞩarrghajeeß;18Ꞩarrghajeeß;x;x;ßeejahgrraꞨ
1;293;10;aus2;Ꞩarrghajeeß;safe;l;?;11;129310aus2Ꞩarrghajeeß;110Ꞩarrghajeeß;x;x;ßeejahgrraꞨ
1;303;3;aus2;Ꞩarrghajeeß;safe;l;?;11;13033aus2Ꞩarrghajeeß;13Ꞩarrghajeeß;x;x;ßeejahgrraꞨ
1;301;15;aus2;Ꞩarrghajeeß;safe;l;?;11;130115aus2Ꞩarrghajeeß;115Ꞩarrghajeeß;x;x;ßeejahgrraꞨ
1;279;24;aus2;Ꞩarrghajeeß;safe;l;?;11;127924aus2Ꞩarrghajeeß;124Ꞩarrghajeeß;x;x;ßeejahgrraꞨ
1;323;25;aus2;Ꞩarrghajeeß;safe;l;?;11;132325aus2Ꞩarrghajeeß;125Ꞩarrghajeeß;x;x;ßeejahgrraꞨ
1;351;26;aus2;Ꞩarrghajeeß;safe;l;?;11;135126aus2Ꞩarrghajeeß;126Ꞩarrghajeeß;x;x;ßeejahgrraꞨ
1;97;4;aus2;Ꞩarrghajeeß;safe;l;?;11;1974aus2Ꞩarrghajeeß;14Ꞩarrghajeeß;x;x;ßeejahgrraꞨ
1;279;24;aus2;Ꞩarrghajeeß;safe;l;?;11;127924aus2Ꞩarrghajeeß;124Ꞩarrghajeeß;x;x;ßeejahgrraꞨ
1;293;10;aus2;Ꞩarrghajeeß;safe;l;?;11;129310aus2Ꞩarrghajeeß;110Ꞩarrghajeeß;x;x;ßeejahgrraꞨ
1;301;15;aus2;Ꞩarrghajeeß;safe;l;?;11;130115aus2Ꞩarrghajeeß;115Ꞩarrghajeeß;x;x;ßeejahgrraꞨ
1;303;3;aus2;Ꞩarrghajeeß;safe;l;?;11;13033aus2Ꞩarrghajeeß;13Ꞩarrghajeeß;x;x;ßeejahgrraꞨ
1;323;25;aus2;Ꞩarrghajeeß;safe;l;?;11;132325aus2Ꞩarrghajeeß;125Ꞩarrghajeeß;x;x;ßeejahgrraꞨ
1;331;3;aus2;Ꞩarrghajeeß;safe;l;?;11;13313aus2Ꞩarrghajeeß;13Ꞩarrghajeeß;x;x;ßeejahgrraꞨ
1;349;8;aus2;Ꞩarrghajeeß;safe;l;?;11;13498aus2Ꞩarrghajeeß;18Ꞩarrghajeeß;x;x;ßeejahgrraꞨ
1;351;26;aus2;Ꞩarrghajeeß;safe;l;?;11;135126aus2Ꞩarrghajeeß;126Ꞩarrghajeeß;x;x;ßeejahgrraꞨ
2;150;18;aus2;Ꞩarrghajeeß;safe;l;?;11;215018aus2Ꞩarrghajeeß;218Ꞩarrghajeeß;x;x;ßeejahgrraꞨ
2;204;29;aus2;Ꞩarrghajeeß;safe;l;?;11;220429aus2Ꞩarrghajeeß;229Ꞩarrghajeeß;x;x;ßeejahgrraꞨ
2;291;29;aus2;Ꞩarrghajeeß;safe;l;?;11;229129aus2Ꞩarrghajeeß;229Ꞩarrghajeeß;x;x;ßeejahgrraꞨ
1;163;29;aus2;Maſghajeeß;safe;u;?;10;116329aus2Maſghajeeß;129Maſghajeeß;x;x;ßeejahgſaM
1;163;23;aus2;Maſghajeeß;safe;u;?;10;116323aus2Maſghajeeß;123Maſghajeeß;x;x;ßeejahgſaM
2;373;30;aus2;bijajeeß;safe;l;?;8;237330aus2bijajeeß;230bijajeeß;x;x;ßeejajib
1;490;20;aus2;iß⸗bijajeeß;safe;l;?;11;149020aus2iß⸗bijajeeß;120iß⸗bijajeeß;x;x;ßeejajib⸗ßi
2;81;25;aus2;majeeß;safe;l;?;6;28125aus2majeeß;225majeeß;x;x;ßeejam
2;277;8;aus2;majeeß;safe;l;?;6;22778aus2majeeß;28majeeß;x;x;ßeejam
3;122;31;aus2;dohmajeeß;safe;l;?;9;312231aus2dohmajeeß;331dohmajeeß;x;x;ßeejamhod
2;69;27;aus2;abdohmajeeß;safe;l;?;11;26927aus2abdohmajeeß;227abdohmajeeß;x;x;ßeejamhodba
3;158;26;aus2;Apdohmajeeß;safe;u;?;11;315826aus2Apdohmajeeß;326Apdohmajeeß;x;x;ßeejamhodpA
1;522;4;aus2;Apdohmajeeß;safe;u;?;11;15224aus2Apdohmajeeß;14Apdohmajeeß;x;x;ßeejamhodpA
1;395;29;aus2;Apdohmajeeß;safe;u;?;11;139529aus2Apdohmajeeß;129Apdohmajeeß;x;x;ßeejamhodpA
1;392;31;aus2;Apdohmajeeß;safe;u;?;11;139231aus2Apdohmajeeß;131Apdohmajeeß;x;x;ßeejamhodpA
1;392;19;aus2;Apdohmajeeß;safe;u;?;11;139219aus2Apdohmajeeß;119Apdohmajeeß;x;x;ßeejamhodpA
1;376;23;aus2;Apdohmajeeß;safe;u;?;11;137623aus2Apdohmajeeß;123Apdohmajeeß;x;x;ßeejamhodpA
1;217;18;aus2;Apdohmajeeß;safe;u;?;11;121718aus2Apdohmajeeß;118Apdohmajeeß;x;x;ßeejamhodpA
1;92;1;aus2;Apdohmajeeß;safe;u;?;11;1921aus2Apdohmajeeß;11Apdohmajeeß;x;x;ßeejamhodpA
2;226;28;aus2;abdomajeeß;safe;l;?;10;222628aus2abdomajeeß;228abdomajeeß;x;x;ßeejamodba
1;335;11;aus2;abdomajeeß;safe;l;?;10;133511aus2abdomajeeß;111abdomajeeß;x;x;ßeejamodba
2;278;29;aus2;abdomajeeß;safe;l;?;10;227829aus2abdomajeeß;229abdomajeeß;x;x;ßeejamodba
2;231;10;aus2;apdomajeeß;safe;l;?;10;223110aus2apdomajeeß;210apdomajeeß;x;x;ßeejamodpa
2;153;18;aus2;apdomajeeß;safe;l;?;10;215318aus2apdomajeeß;218apdomajeeß;x;x;ßeejamodpa
1;494;7;aus2;apdomajeeß;safe;l;?;10;14947aus2apdomajeeß;17apdomajeeß;x;x;ßeejamodpa
2;270;27;aus2;apdomajeeß;safe;l;?;10;227027aus2apdomajeeß;227apdomajeeß;x;x;ßeejamodpa
3;46;1;aus2;najeeß;safe;l;?;6;3461aus2najeeß;31najeeß;x;x;ßeejan
2;247;27;aus2;najeeß;safe;l;?;6;224727aus2najeeß;227najeeß;x;x;ßeejan
1;363;28;aus2;ẜahdenajeeß;safe;l;?;11;136328aus2ẜahdenajeeß;128ẜahdenajeeß;x;x;ßeejanedhaẜ
1;363;28;aus2;ẜaͤhdenajeeß;safe;l;?;12;136328aus2ẜaͤhdenajeeß;128ẜaͤhdenajeeß;x;x;ßeejanedhͤaẜ
1;194;8;aus2;Vsmohdenajeeß;safe;u;?;13;11948aus2Vsmohdenajeeß;18Vsmohdenajeeß;x;x;ßeejanedhomsV
2;166;17;aus2;pa⸗auxtenajeeß;safe;l;?;14;216617aus2pa⸗auxtenajeeß;217pa⸗auxtenajeeß;x;x;ßeejanetxua⸗ap
1;364;29;aus2;ʒenajeeß;safe;l;?;8;136429aus2ʒenajeeß;129ʒenajeeß;x;x;ßeejaneʒ
1;438;27;aus2;ee⸗preeʒenajeeß;safe;l;?;15;143827aus2ee⸗preeʒenajeeß;127ee⸗preeʒenajeeß;x;x;ßeejaneʒeerp⸗ee
1;438;23;aus2;ee⸗preeʒenajeeß;safe;l;?;15;143823aus2ee⸗preeʒenajeeß;123ee⸗preeʒenajeeß;x;x;ßeejaneʒeerp⸗ee
1;98;18;aus2;ee⸗preeʒenajeeß;safe;l;?;15;19818aus2ee⸗preeʒenajeeß;118ee⸗preeʒenajeeß;x;x;ßeejaneʒeerp⸗ee
1;5;17;aus2;eepreeʒenajeeß;safe;l;?;14;1517aus2eepreeʒenajeeß;117eepreeʒenajeeß;x;x;ßeejaneʒeerpee
1;441;20;aus2;Eeepreeʒenajeeß;safe;u;?;15;144120aus2Eeepreeʒenajeeß;120Eeepreeʒenajeeß;x;x;ßeejaneʒeerpeeE
1;21;16;aus2;ee⸗preʒenajeeß;safe;l;?;14;12116aus2ee⸗preʒenajeeß;116ee⸗preʒenajeeß;x;x;ßeejaneʒerp⸗ee
1;454;19;aus2;ißtruhʒenajeeß;safe;l;?;14;145419aus2ißtruhʒenajeeß;119ißtruhʒenajeeß;x;x;ßeejaneʒhurtßi
1;31;17;aus2;laͤtʒenajeeß;safe;l;?;12;13117aus2laͤtʒenajeeß;117laͤtʒenajeeß;x;x;ßeejaneʒtͤal
1;484;29;aus2;Aprunnajeeß;safe;u;?;11;148429aus2Aprunnajeeß;129Aprunnajeeß;x;x;ßeejannurpA
2;263;26;aus2;ẜakrajeeß;safe;l;?;9;226326aus2ẜakrajeeß;226ẜakrajeeß;x;x;ßeejarkaẜ
1;31;21;aus2;waſajeeß;safe;l;?;8;13121aus2waſajeeß;121waſajeeß;x;x;ßeejaſaw
1;288;19;aus2;naͤſẜajeeß;safe;l;?;10;128819aus2naͤſẜajeeß;119naͤſẜajeeß;x;x;ßeejaẜſͤan
2;218;6;aus2;teeſẜajeeß;safe;l;?;10;22186aus2teeſẜajeeß;26teeſẜajeeß;x;x;ßeejaẜſeet
1;349;21;aus2;teeſẜajeeß;safe;l;?;10;134921aus2teeſẜajeeß;121teeſẜajeeß;x;x;ßeejaẜſeet
1;108;5;aus2;nomaitajeeß;safe;l;?;11;11085aus2nomaitajeeß;15nomaitajeeß;x;x;ßeejatiamon
3;71;5;aus1;attſtajeeß;safe;l;?;10;3715aus1attſtajeeß;35attſtajeeß;x;x;ßeejatſtta
2;182;21;aus2;attſtajeeß;safe;l;?;10;218221aus2attſtajeeß;221attſtajeeß;x;x;ßeejatſtta
1;519;7;aus2;attſtajeeß;safe;l;?;10;15197aus2attſtajeeß;17attſtajeeß;x;x;ßeejatſtta
1;428;19;aus2;attſtajeeß;safe;l;?;10;142819aus2attſtajeeß;119attſtajeeß;x;x;ßeejatſtta
2;413;21;aus2;attſtajeeß;safe;l;?;10;241321aus2attſtajeeß;221attſtajeeß;x;x;ßeejatſtta
3;123;10;aus2;dahwajeeß;safe;l;?;9;312310aus2dahwajeeß;310dahwajeeß;x;x;ßeejawhad
3;187;4;aus2;preeʒajeeß;safe;l;?;10;31874aus2preeʒajeeß;34preeʒajeeß;x;x;ßeejaʒeerp
3;133;8;aus2;preeʒajeeß;safe;l;?;10;31338aus2preeʒajeeß;38preeʒajeeß;x;x;ßeejaʒeerp
2;255;16;aus2;preeʒajeeß;safe;l;?;10;225516aus2preeʒajeeß;216preeʒajeeß;x;x;ßeejaʒeerp
2;131;11;aus2;preeʒajeeß;safe;l;?;10;213111aus2preeʒajeeß;211preeʒajeeß;x;x;ßeejaʒeerp
2;52;20;aus2;preeʒajeeß;safe;l;?;10;25220aus2preeʒajeeß;220preeʒajeeß;x;x;ßeejaʒeerp
2;50;15;aus2;preeʒajeeß;safe;l;?;10;25015aus2preeʒajeeß;215preeʒajeeß;x;x;ßeejaʒeerp
2;21;15;aus2;preeʒajeeß;safe;l;?;10;22115aus2preeʒajeeß;215preeʒajeeß;x;x;ßeejaʒeerp
1;554;8;aus2;preeʒajeeß;safe;l;?;10;15548aus2preeʒajeeß;18preeʒajeeß;x;x;ßeejaʒeerp
1;522;29;aus2;preeʒajeeß;safe;l;?;10;152229aus2preeʒajeeß;129preeʒajeeß;x;x;ßeejaʒeerp
1;513;6;aus2;preeʒajeeß;safe;l;?;10;15136aus2preeʒajeeß;16preeʒajeeß;x;x;ßeejaʒeerp
1;473;24;aus2;preeʒajeeß;safe;l;?;10;147324aus2preeʒajeeß;124preeʒajeeß;x;x;ßeejaʒeerp
1;470;29;aus2;preeʒajeeß;safe;l;?;10;147029aus2preeʒajeeß;129preeʒajeeß;x;x;ßeejaʒeerp
1;441;25;aus2;preeʒajeeß;safe;l;?;10;144125aus2preeʒajeeß;125preeʒajeeß;x;x;ßeejaʒeerp
1;416;9;aus2;preeʒajeeß;safe;l;?;10;14169aus2preeʒajeeß;19preeʒajeeß;x;x;ßeejaʒeerp
1;376;16;aus2;preeʒajeeß;safe;l;?;10;137616aus2preeʒajeeß;116preeʒajeeß;x;x;ßeejaʒeerp
1;82;26;aus2;preeʒajeeß;safe;l;?;10;18226aus2preeʒajeeß;126preeʒajeeß;x;x;ßeejaʒeerp
1;51;28;aus1;preeʒajeeß;safe;l;?;10;15128aus1preeʒajeeß;128preeʒajeeß;x;x;ßeejaʒeerp
2;347;10;aus1;preeʒajeeß;safe;l;?;10;234710aus1preeʒajeeß;210preeʒajeeß;x;x;ßeejaʒeerp
3;153;16;aus2;ghribbejeeß;safe;l;?;11;315316aus2ghribbejeeß;316ghribbejeeß;x;x;ßeejebbirhg
1;119;8;aus2;ee⸗ghribbejeeß;safe;l;?;14;11198aus2ee⸗ghribbejeeß;18ee⸗ghribbejeeß;x;x;ßeejebbirhg⸗ee
3;61;16;aus1;eeghribbejeeß;safe;l;?;13;36116aus1eeghribbejeeß;316eeghribbejeeß;x;x;ßeejebbirhgee
3;67;25;aus1;ee⸗ghahdejeeß;safe;l;?;13;36725aus1ee⸗ghahdejeeß;325ee⸗ghahdejeeß;x;x;ßeejedhahg⸗ee
1;502;3;aus1;ẜehdejeeß;safe;l;?;9;15023aus1ẜehdejeeß;13ẜehdejeeß;x;x;ßeejedheẜ
1;292;28;aus2;nhejeeß;safe;l;?;7;129228aus2nhejeeß;128nhejeeß;x;x;ßeejehn
1;67;23;aus2;kaunhejeeß;safe;l;?;10;16723aus2kaunhejeeß;123kaunhejeeß;x;x;ßeejehnuak
2;250;1;aus2;pawehlejeeß;safe;l;?;11;22501aus2pawehlejeeß;21pawehlejeeß;x;x;ßeejelhewap
1;213;22;aus2;ißwehlejeeß;safe;l;?;11;121322aus2ißwehlejeeß;122ißwehlejeeß;x;x;ßeejelhewßi
2;245;23;aus2;mecklejeeß;safe;l;?;10;224523aus2mecklejeeß;223mecklejeeß;x;x;ßeejelkcem
2;153;30;aus2;mecklejeeß;safe;l;?;10;215330aus2mecklejeeß;230mecklejeeß;x;x;ßeejelkcem
3;67;25;aus1;attminnejeeß;safe;l;?;12;36725aus1attminnejeeß;325attminnejeeß;x;x;ßeejennimtta
1;197;4;aus2;kaunejeeß;safe;l;?;9;11974aus2kaunejeeß;14kaunejeeß;x;x;ßeejenuak
1;45;18;aus2;kaunejeeß;safe;l;?;9;14518aus2kaunejeeß;118kaunejeeß;x;x;ßeejenuak
2;247;26;aus2;ẜaderrejeeß;safe;l;?;11;224726aus2ẜaderrejeeß;226ẜaderrejeeß;x;x;ßeejerredaẜ
1;128;17;aus1;ẜaderrejeeß;safe;l;?;11;112817aus1ẜaderrejeeß;117ẜaderrejeeß;x;x;ßeejerredaẜ
3;11;9;aus2;turrejeeß;safe;l;?;9;3119aus2turrejeeß;39turrejeeß;x;x;ßeejerrut
2;180;30;aus2;turrejeeß;safe;l;?;9;218030aus2turrejeeß;230turrejeeß;x;x;ßeejerrut
2;26;2;aus2;turrejeeß;safe;l;?;9;2262aus2turrejeeß;22turrejeeß;x;x;ßeejerrut
1;423;17;aus2;turrejeeß;safe;l;?;9;142317aus2turrejeeß;117turrejeeß;x;x;ßeejerrut
1;423;8;aus1;turrejeeß;safe;l;?;9;14238aus1turrejeeß;18turrejeeß;x;x;ßeejerrut
1;343;3;aus2;turrejeeß;safe;l;?;9;13433aus2turrejeeß;13turrejeeß;x;x;ßeejerrut
1;295;24;aus2;turrejeeß;safe;l;?;9;129524aus2turrejeeß;124turrejeeß;x;x;ßeejerrut
1;288;19;aus2;turrejeeß;safe;l;?;9;128819aus2turrejeeß;119turrejeeß;x;x;ßeejerrut
1;283;31;aus1;turrejeeß;safe;l;?;9;128331aus1turrejeeß;131turrejeeß;x;x;ßeejerrut
1;93;8;aus2;turrejeeß;safe;l;?;9;1938aus2turrejeeß;18turrejeeß;x;x;ßeejerrut
2;420;29;aus2;turrejeeß;safe;l;?;9;242029aus2turrejeeß;229turrejeeß;x;x;ßeejerrut
1;362;3;aus2;ißredſejeeß;safe;l;?;11;13623aus2ißredſejeeß;13ißredſejeeß;x;x;ßeejeſderßi
1;58;29;aus2;ißredſejeeß;safe;l;?;11;15829aus2ißredſejeeß;129ißredſejeeß;x;x;ßeejeſderßi
3;172;13;aus2;mittejeeß;safe;l;?;9;317213aus2mittejeeß;313mittejeeß;x;x;ßeejettim
3;73;5;aus1;mittejeeß;safe;l;?;9;3735aus1mittejeeß;35mittejeeß;x;x;ßeejettim
2;248;4;aus2;mittejeeß;safe;l;?;9;22484aus2mittejeeß;24mittejeeß;x;x;ßeejettim
1;551;30;aus2;mittejeeß;safe;l;?;9;155130aus2mittejeeß;130mittejeeß;x;x;ßeejettim
1;551;8;aus2;mittejeeß;safe;l;?;9;15518aus2mittejeeß;18mittejeeß;x;x;ßeejettim
2;378;1;aus2;mittejeeß;safe;l;?;9;23781aus2mittejeeß;21mittejeeß;x;x;ßeejettim
2;396;23;aus2;mittejeeß;safe;l;?;9;239623aus2mittejeeß;223mittejeeß;x;x;ßeejettim
3;73;25;aus1;wejeeß;safe;l;?;6;37325aus1wejeeß;325wejeeß;x;x;ßeejew
3;130;30;aus2;mahʒejeeß;safe;l;?;9;313030aus2mahʒejeeß;330mahʒejeeß;x;x;ßeejeʒham
3;17;4;aus2;klahjeeß;safe;l;?;8;3174aus2klahjeeß;34klahjeeß;x;x;ßeejhalk
2;19;7;aus2;klahjeeß;safe;l;?;8;2197aus2klahjeeß;27klahjeeß;x;x;ßeejhalk
1;217;21;aus2;klahjeeß;safe;l;?;8;121721aus2klahjeeß;121klahjeeß;x;x;ßeejhalk
1;358;21;aus2;apklahjeeß;safe;l;?;10;135821aus2apklahjeeß;121apklahjeeß;x;x;ßeejhalkpa
1;93;6;aus2;rahjeeß;safe;l;?;7;1936aus2rahjeeß;16rahjeeß;x;x;ßeejhar
3;41;10;aus2;krahjeeß;safe;l;?;8;34110aus2krahjeeß;310krahjeeß;x;x;ßeejhark
2;354;18;aus2;krahjeeß;safe;l;?;8;235418aus2krahjeeß;218krahjeeß;x;x;ßeejhark
3;73;6;aus1;ſtahjeeß;safe;l;?;8;3736aus1ſtahjeeß;36ſtahjeeß;x;x;ßeejhatſ
1;431;27;aus2;ee⸗ſtahjeeß;safe;l;?;11;143127aus2ee⸗ſtahjeeß;127ee⸗ſtahjeeß;x;x;ßeejhatſ⸗ee
3;202;31;aus2;attſtahjeeß;safe;l;?;11;320231aus2attſtahjeeß;331attſtahjeeß;x;x;ßeejhatſtta
3;158;31;aus2;attſtahjeeß;safe;l;?;11;315831aus2attſtahjeeß;331attſtahjeeß;x;x;ßeejhatſtta
3;129;12;aus2;attſtahjeeß;safe;l;?;11;312912aus2attſtahjeeß;312attſtahjeeß;x;x;ßeejhatſtta
3;114;31;aus2;attſtahjeeß;safe;l;?;11;311431aus2attſtahjeeß;331attſtahjeeß;x;x;ßeejhatſtta
3;73;24;aus1;attſtahjeeß;safe;l;?;11;37324aus1attſtahjeeß;324attſtahjeeß;x;x;ßeejhatſtta
3;71;4;aus1;attſtahjeeß;safe;l;?;11;3714aus1attſtahjeeß;34attſtahjeeß;x;x;ßeejhatſtta
2;220;22;aus2;attſtahjeeß;safe;l;?;11;222022aus2attſtahjeeß;222attſtahjeeß;x;x;ßeejhatſtta
2;64;21;aus2;attſtahjeeß;safe;l;?;11;26421aus2attſtahjeeß;221attſtahjeeß;x;x;ßeejhatſtta
2;38;30;aus2;attſtahjeeß;safe;l;?;11;23830aus2attſtahjeeß;230attſtahjeeß;x;x;ßeejhatſtta
2;37;3;aus2;attſtahjeeß;safe;l;?;11;2373aus2attſtahjeeß;23attſtahjeeß;x;x;ßeejhatſtta
1;440;10;aus2;attſtahjeeß;safe;l;?;11;144010aus2attſtahjeeß;110attſtahjeeß;x;x;ßeejhatſtta
1;396;24;aus2;attſtahjeeß;safe;l;?;11;139624aus2attſtahjeeß;124attſtahjeeß;x;x;ßeejhatſtta
1;279;17;aus2;attſtahjeeß;safe;l;?;11;127917aus2attſtahjeeß;117attſtahjeeß;x;x;ßeejhatſtta
1;219;16;aus2;attſtahjeeß;safe;l;?;11;121916aus2attſtahjeeß;116attſtahjeeß;x;x;ßeejhatſtta
1;118;23;aus2;attſtahjeeß;safe;l;?;11;111823aus2attſtahjeeß;123attſtahjeeß;x;x;ßeejhatſtta
2;323;30;aus2;Attſtahjeeß;safe;u;?;11;232330aus2Attſtahjeeß;230Attſtahjeeß;x;x;ßeejhatſttA
2;306;18;aus2;attſtahjeeß;safe;l;?;11;230618aus2attſtahjeeß;218attſtahjeeß;x;x;ßeejhatſtta
2;349;1;aus2;attſtahjeeß;safe;l;?;11;23491aus2attſtahjeeß;21attſtahjeeß;x;x;ßeejhatſtta
2;355;18;aus2;attſtahjeeß;safe;l;?;11;235518aus2attſtahjeeß;218attſtahjeeß;x;x;ßeejhatſtta
2;414;7;aus2;attſtahjeeß;safe;l;?;11;24147aus2attſtahjeeß;27attſtahjeeß;x;x;ßeejhatſtta
2;422;20;aus2;attſtahjeeß;safe;l;?;11;242220aus2attſtahjeeß;220attſtahjeeß;x;x;ßeejhatſtta
2;429;7;aus2;attſtahjeeß;safe;l;?;11;24297aus2attſtahjeeß;27attſtahjeeß;x;x;ßeejhatſtta
3;115;8;aus2;mittehjeeß;safe;l;?;10;31158aus2mittehjeeß;38mittehjeeß;x;x;ßeejhettim
3;201;1;aus2;bijeeß;safe;l;;6;32011aus2bijeeß;31bijeeß;x;x;ßeejib
1;56;29;aus2;bijeeß;safe;l;;6;15629aus2bijeeß;129bijeeß;x;x;ßeejib
1;55;22;aus2;bijeeß;safe;l;;6;15522aus2bijeeß;122bijeeß;x;x;ßeejib
2;109;23;aus2;iß⸗bijeeß;safe;l;;9;210923aus2iß⸗bijeeß;223iß⸗bijeeß;x;x;ßeejib⸗ßi
1;417;20;intr;dijeeß;safe;l;;6;141720intrdijeeß;120dijeeß;x;x;ßeejid
1;437;2;aus2;paradijeeß;safe;l;;10;14372aus2paradijeeß;12paradijeeß;x;x;ßeejidarap
1;420;19;peri;paradijeeß;safe;l;;10;142019periparadijeeß;119paradijeeß;x;x;ßeejidarap
1;542;15;aus1;raddijeeß;safe;l;;9;154215aus1raddijeeß;115raddijeeß;x;x;ßeejiddar
3;204;26;aus2;rahdijeeß;safe;l;;9;320426aus2rahdijeeß;326rahdijeeß;x;x;ßeejidhar
3;110;31;aus2;rahdijeeß;safe;l;;9;311031aus2rahdijeeß;331rahdijeeß;x;x;ßeejidhar
2;56;27;aus2;rahdijeeß;safe;l;;9;25627aus2rahdijeeß;227rahdijeeß;x;x;ßeejidhar
2;11;16;aus2;rahdijeeß;safe;l;;9;21116aus2rahdijeeß;216rahdijeeß;x;x;ßeejidhar
2;3;16;aus1;rahdijeeß;safe;l;;9;2316aus1rahdijeeß;216rahdijeeß;x;x;ßeejidhar
1;503;8;aus2;rahdijeeß;safe;l;;9;15038aus2rahdijeeß;18rahdijeeß;x;x;ßeejidhar
1;503;7;aus2;rahdijeeß;safe;l;;9;15037aus2rahdijeeß;17rahdijeeß;x;x;ßeejidhar
1;502;30;aus2;rahdijeeß;safe;l;;9;150230aus2rahdijeeß;130rahdijeeß;x;x;ßeejidhar
1;437;1;aus2;rahdijeeß;safe;l;;9;14371aus2rahdijeeß;11rahdijeeß;x;x;ßeejidhar
1;432;6;aus2;rahdijeeß;safe;l;;9;14326aus2rahdijeeß;16rahdijeeß;x;x;ßeejidhar
1;423;4;aus1;rahdijeeß;safe;l;;9;14234aus1rahdijeeß;14rahdijeeß;x;x;ßeejidhar
1;421;5;aus1;rahdijeeß;safe;l;;9;14215aus1rahdijeeß;15rahdijeeß;x;x;ßeejidhar
1;312;18;aus1;rahdijeeß;safe;l;;9;131218aus1rahdijeeß;118rahdijeeß;x;x;ßeejidhar
1;219;12;aus2;rahdijeeß;safe;l;;9;121912aus2rahdijeeß;112rahdijeeß;x;x;ßeejidhar
1;437;30;aus2;parahdijeeß;safe;l;;11;143730aus2parahdijeeß;130parahdijeeß;x;x;ßeejidharap
1;432;21;intr;parahdijeeß;safe;l;;11;143221intrparahdijeeß;121parahdijeeß;x;x;ßeejidharap
1;28;13;aus1;parahdijeeß;safe;l;;11;12813aus1parahdijeeß;113parahdijeeß;x;x;ßeejidharap
1;394;16;aus2;ẜohdijeeß;safe;l;;9;139416aus2ẜohdijeeß;116ẜohdijeeß;x;x;ßeejidhoẜ
1;393;4;aus2;ẜohdijeeß;safe;l;;9;13934aus2ẜohdijeeß;14ẜohdijeeß;x;x;ßeejidhoẜ
1;393;1;aus2;Ꞩohdijeeß;safe;l;;9;13931aus2Ꞩohdijeeß;11Ꞩohdijeeß;x;x;ßeejidhoꞨ
1;393;1;aus2;Ꞩohdijeeß;safe;l;;9;13931aus2Ꞩohdijeeß;11Ꞩohdijeeß;x;x;ßeejidhoꞨ
1;58;7;aus2;ee⸗ghulldijeeß;safe;l;;14;1587aus2ee⸗ghulldijeeß;17ee⸗ghulldijeeß;x;x;ßeejidlluhg⸗ee
1;31;16;aus2;reijeeß;safe;l;;7;13116aus2reijeeß;116reijeeß;x;x;ßeejier
2;374;30;aus2;reijeeß;safe;l;;7;237430aus2reijeeß;230reijeeß;x;x;ßeejier
2;243;18;aus2;ſchijeeß;safe;l;;8;224318aus2ſchijeeß;218ſchijeeß;x;x;ßeejihcſ
1;195;26;aus2;ſchijeeß;safe;l;;8;119526aus2ſchijeeß;126ſchijeeß;x;x;ßeejihcſ
3;177;22;aus2;baſchijeeß;safe;l;;10;317722aus2baſchijeeß;322baſchijeeß;x;x;ßeejihcſab
1;392;10;aus2;baſchijeeß;safe;l;;10;139210aus2baſchijeeß;110baſchijeeß;x;x;ßeejihcſab
3;153;15;aus2;leelijeeß;safe;l;;9;315315aus2leelijeeß;315leelijeeß;x;x;ßeejileel
3;94;1;aus2;leelijeeß;safe;l;;9;3941aus2leelijeeß;31leelijeeß;x;x;ßeejileel
3;66;19;aus1;leelijeeß;safe;l;;9;36619aus1leelijeeß;319leelijeeß;x;x;ßeejileel
2;173;25;aus2;leelijeeß;safe;l;;9;217325aus2leelijeeß;225leelijeeß;x;x;ßeejileel
1;444;3;aus2;leelijeeß;safe;l;;9;14443aus2leelijeeß;13leelijeeß;x;x;ßeejileel
1;292;2;aus2;leelijeeß;safe;l;;9;12922aus2leelijeeß;12leelijeeß;x;x;ßeejileel
1;248;14;aus2;leelijeeß;safe;l;;9;124814aus2leelijeeß;114leelijeeß;x;x;ßeejileel
1;205;7;aus2;leelijeeß;safe;l;;9;12057aus2leelijeeß;17leelijeeß;x;x;ßeejileel
1;174;8;aus2;leelijeeß;safe;l;;9;11748aus2leelijeeß;18leelijeeß;x;x;ßeejileel
1;54;12;aus2;leelijeeß;safe;l;;9;15412aus2leelijeeß;112leelijeeß;x;x;ßeejileel
2;325;24;aus2;leelijeeß;safe;l;;9;232524aus2leelijeeß;224leelijeeß;x;x;ßeejileel
3;111;8;aus2;pellnijeeß;safe;l;;10;31118aus2pellnijeeß;38pellnijeeß;x;x;ßeejinllep
3;177;6;aus2;nopellnijeeß;safe;l;;12;31776aus2nopellnijeeß;36nopellnijeeß;x;x;ßeejinllepon
1;292;25;aus2;klannijeeß;safe;l;;10;129225aus2klannijeeß;125klannijeeß;x;x;ßeejinnalk
2;23;26;aus2;pee⸗rijeeß;safe;l;;10;22326aus2pee⸗rijeeß;226pee⸗rijeeß;x;x;ßeejir⸗eep
2;30;18;aus1;peerijeeß;safe;l;;9;23018aus1peerijeeß;218peerijeeß;x;x;ßeejireep
3;101;22;aus2;darrijeeß;safe;l;;9;310122aus2darrijeeß;322darrijeeß;x;x;ßeejirrad
3;101;20;aus2;darrijeeß;safe;l;;9;310120aus2darrijeeß;320darrijeeß;x;x;ßeejirrad
1;271;9;aus2;darrijeeß;safe;l;;9;12719aus2darrijeeß;19darrijeeß;x;x;ßeejirrad
3;94;24;aus2;ẜijeeß;safe;l;;6;39424aus2ẜijeeß;324ẜijeeß;x;x;ßeejiẜ
1;213;23;aus2;raudſijeeß;safe;l;;10;121323aus2raudſijeeß;123raudſijeeß;x;x;ßeejiſduar
3;41;13;aus2;noraudſijeeß;safe;l;;12;34113aus2noraudſijeeß;313noraudſijeeß;x;x;ßeejiſduaron
1;11;19;aus2;ißraudſijeeß;safe;l;;12;11119aus2ißraudſijeeß;119ißraudſijeeß;x;x;ßeejiſduarßi
3;179;14;aus2;taiẜijeeß;safe;l;;9;317914aus2taiẜijeeß;314taiẜijeeß;x;x;ßeejiẜiat
2;94;4;aus2;ẜataiẜijeeß;safe;l;;11;2944aus2ẜataiẜijeeß;24ẜataiẜijeeß;x;x;ßeejiẜiataẜ
1;442;22;aus2;ghoſijeeß;safe;l;;9;144222aus2ghoſijeeß;122ghoſijeeß;x;x;ßeejiſohg
3;211;27;aus2;klauſẜijeeß;safe;l;;11;321127aus2klauſẜijeeß;327klauſẜijeeß;x;x;ßeejiẜſualk
3;107;17;aus2;klauſẜijeeß;safe;l;;11;310717aus2klauſẜijeeß;317klauſẜijeeß;x;x;ßeejiẜſualk
2;277;2;aus2;klauſẜijeeß;safe;l;;11;22772aus2klauſẜijeeß;22klauſẜijeeß;x;x;ßeejiẜſualk
1;531;29;aus2;ẜwehtijeeß;safe;l;;10;153129aus2ẜwehtijeeß;129ẜwehtijeeß;x;x;ßeejithewẜ
1;163;30;aus2;ſtijeeß;safe;l;;7;116330aus2ſtijeeß;130ſtijeeß;x;x;ßeejitſ
2;420;17;aus2;dabbuijeeß;safe;l;;10;242017aus2dabbuijeeß;217dabbuijeeß;x;x;ßeejiubbad
3;52;29;aus2;ʒijeeß;safe;l;;6;35229aus2ʒijeeß;329ʒijeeß;x;x;ßeejiʒ
2;143;26;aus2;mahʒijeeß;safe;l;;9;214326aus2mahʒijeeß;226mahʒijeeß;x;x;ßeejiʒham
2;14;17;aus2;mahʒijeeß;safe;l;;9;21417aus2mahʒijeeß;217mahʒijeeß;x;x;ßeejiʒham
2;401;30;aus2;mahʒijeeß;safe;l;;9;240130aus2mahʒijeeß;230mahʒijeeß;x;x;ßeejiʒham
2;402;2;aus2;mahʒijeeß;safe;l;;9;24022aus2mahʒijeeß;22mahʒijeeß;x;x;ßeejiʒham
2;402;4;aus2;mahʒijeeß;safe;l;;9;24024aus2mahʒijeeß;24mahʒijeeß;x;x;ßeejiʒham
3;155;28;aus2;ẜatʒijeeß;safe;l;;9;315528aus2ẜatʒijeeß;328ẜatʒijeeß;x;x;ßeejiʒtaẜ
3;91;27;aus2;ẜatʒijeeß;safe;l;;9;39127aus2ẜatʒijeeß;327ẜatʒijeeß;x;x;ßeejiʒtaẜ
3;88;7;aus2;iß⸗ẜatʒijeeß;safe;l;;12;3887aus2iß⸗ẜatʒijeeß;37iß⸗ẜatʒijeeß;x;x;ßeejiʒtaẜ⸗ßi
3;84;1;peri;bojeeß;safe;l;?;6;3841peribojeeß;31bojeeß;x;x;ßeejob
3;97;30;aus2;darrbojeeß;safe;l;?;10;39730aus2darrbojeeß;330darrbojeeß;x;x;ßeejobrrad
1;345;9;aus2;darrbojeeß;safe;l;?;10;13459aus2darrbojeeß;19darrbojeeß;x;x;ßeejobrrad
1;118;21;aus2;darrbojeeß;safe;l;?;10;111821aus2darrbojeeß;121darrbojeeß;x;x;ßeejobrrad
2;264;23;aus2;apgraͤkojeeß;safe;l;?;12;226423aus2apgraͤkojeeß;223apgraͤkojeeß;x;x;ßeejokͤargpa
2;122;18;aus2;abghraͤkojeeß;safe;l;?;13;212218aus2abghraͤkojeeß;218abghraͤkojeeß;x;x;ßeejokͤarhgba
1;467;20;aus2;abghraͤkojeeß;safe;l;?;13;146720aus2abghraͤkojeeß;120abghraͤkojeeß;x;x;ßeejokͤarhgba
1;92;14;aus2;apghraͤkojeeß;safe;l;?;13;19214aus2apghraͤkojeeß;114apghraͤkojeeß;x;x;ßeejokͤarhgpa
2;232;6;aus2;luhkojeeß;safe;l;?;9;22326aus2luhkojeeß;26luhkojeeß;x;x;ßeejokhul
1;392;19;aus2;apluhkojeeß;safe;l;?;11;139219aus2apluhkojeeß;119apluhkojeeß;x;x;ßeejokhulpa
3;100;10;aus2;ißluhkojeeß;safe;l;?;11;310010aus2ißluhkojeeß;310ißluhkojeeß;x;x;ßeejokhulßi
2;4;24;aus2;Vsluhkojeeß;safe;u;?;11;2424aus2Vsluhkojeeß;224Vsluhkojeeß;x;x;ßeejokhulsV
1;160;17;aus2;lojeeß;safe;l;?;6;116017aus2lojeeß;117lojeeß;x;x;ßeejol
2;52;22;aus2;Schaͤlojeeß;safe;u;?;11;25222aus2Schaͤlojeeß;222Schaͤlojeeß;x;x;ßeejolͤahcS
1;469;9;aus2;Schaͤlojeeß;safe;u;?;11;14699aus2Schaͤlojeeß;19Schaͤlojeeß;x;x;ßeejolͤahcS
3;129;29;aus2;ſchaͤlojeeß;safe;l;?;11;312929aus2ſchaͤlojeeß;329ſchaͤlojeeß;x;x;ßeejolͤahcſ
2;241;8;aus2;ſchaͤlojeeß;safe;l;?;11;22418aus2ſchaͤlojeeß;28ſchaͤlojeeß;x;x;ßeejolͤahcſ
2;125;9;aus1;ſchaͤlojeeß;safe;l;?;11;21259aus1ſchaͤlojeeß;29ſchaͤlojeeß;x;x;ßeejolͤahcſ
1;153;7;aus2;ſchaͤlojeeß;safe;l;?;11;11537aus2ſchaͤlojeeß;17ſchaͤlojeeß;x;x;ßeejolͤahcſ
2;243;15;aus2;abſchaͤlojeeß;safe;l;?;13;224315aus2abſchaͤlojeeß;215abſchaͤlojeeß;x;x;ßeejolͤahcſba
2;241;14;aus2;abſchaͤlojeeß;safe;l;?;13;224114aus2abſchaͤlojeeß;214abſchaͤlojeeß;x;x;ßeejolͤahcſba
2;241;11;aus2;abſchaͤlojeeß;safe;l;?;13;224111aus2abſchaͤlojeeß;211abſchaͤlojeeß;x;x;ßeejolͤahcſba
2;238;28;aus1;abſchaͤlojeeß;safe;l;?;13;223828aus1abſchaͤlojeeß;228abſchaͤlojeeß;x;x;ßeejolͤahcſba
2;237;8;peri;abſchaͤlojeeß;safe;l;?;13;22378periabſchaͤlojeeß;28abſchaͤlojeeß;x;x;ßeejolͤahcſba
2;218;8;aus2;abſchaͤlojeeß;safe;l;?;13;22188aus2abſchaͤlojeeß;28abſchaͤlojeeß;x;x;ßeejolͤahcſba
2;16;12;peri;abſchaͤlojeeß;safe;l;?;13;21612periabſchaͤlojeeß;212abſchaͤlojeeß;x;x;ßeejolͤahcſba
1;549;7;aus2;abſchaͤlojeeß;safe;l;?;13;15497aus2abſchaͤlojeeß;17abſchaͤlojeeß;x;x;ßeejolͤahcſba
1;540;8;aus2;abſchaͤlojeeß;safe;l;?;13;15408aus2abſchaͤlojeeß;18abſchaͤlojeeß;x;x;ßeejolͤahcſba
1;306;8;aus2;abſchaͤlojeeß;safe;l;?;13;13068aus2abſchaͤlojeeß;18abſchaͤlojeeß;x;x;ßeejolͤahcſba
1;304;30;aus2;abſchaͤlojeeß;safe;l;?;13;130430aus2abſchaͤlojeeß;130abſchaͤlojeeß;x;x;ßeejolͤahcſba
1;304;7;aus2;abſchaͤlojeeß;safe;l;?;13;13047aus2abſchaͤlojeeß;17abſchaͤlojeeß;x;x;ßeejolͤahcſba
1;267;17;peri;abſchaͤlojeeß;safe;l;?;13;126717periabſchaͤlojeeß;117abſchaͤlojeeß;x;x;ßeejolͤahcſba
1;147;15;aus2;abſchaͤlojeeß;safe;l;?;13;114715aus2abſchaͤlojeeß;115abſchaͤlojeeß;x;x;ßeejolͤahcſba
1;121;15;aus2;abſchaͤlojeeß;safe;l;?;13;112115aus2abſchaͤlojeeß;115abſchaͤlojeeß;x;x;ßeejolͤahcſba
1;121;13;aus2;abſchaͤlojeeß;safe;l;?;13;112113aus2abſchaͤlojeeß;113abſchaͤlojeeß;x;x;ßeejolͤahcſba
2;368;21;peri;abſchaͤlojeeß;safe;l;?;13;236821periabſchaͤlojeeß;221abſchaͤlojeeß;x;x;ßeejolͤahcſba
3;177;16;aus2;apſchaͤlojeeß;safe;l;?;13;317716aus2apſchaͤlojeeß;316apſchaͤlojeeß;x;x;ßeejolͤahcſpa
3;115;5;aus2;apſchaͤlojeeß;safe;l;?;13;31155aus2apſchaͤlojeeß;35apſchaͤlojeeß;x;x;ßeejolͤahcſpa
1;547;18;aus2;apſchaͤlojeeß;safe;l;?;13;154718aus2apſchaͤlojeeß;118apſchaͤlojeeß;x;x;ßeejolͤahcſpa
1;297;1;peri;apſchaͤlojeeß;safe;l;?;13;12971periapſchaͤlojeeß;11apſchaͤlojeeß;x;x;ßeejolͤahcſpa
1;215;7;aus2;apſchaͤlojeeß;safe;l;?;13;12157aus2apſchaͤlojeeß;17apſchaͤlojeeß;x;x;ßeejolͤahcſpa
2;327;1;aus2;mielojeeß;safe;l;?;9;23271aus2mielojeeß;21mielojeeß;x;x;ßeejoleim
2;327;5;aus2;mielojeeß;safe;l;?;9;23275aus2mielojeeß;25mielojeeß;x;x;ßeejoleim
2;327;9;aus2;mielojeeß;safe;l;?;9;23279aus2mielojeeß;29mielojeeß;x;x;ßeejoleim
2;419;4;aus1;abſchaͤhlojeeß;safe;l;?;14;24194aus1abſchaͤhlojeeß;24abſchaͤhlojeeß;x;x;ßeejolhͤahcſba
1;21;10;aus2;allojeeß;safe;l;?;8;12110aus2allojeeß;110allojeeß;x;x;ßeejolla
1;306;7;aus2;Saͤmmojeeß;safe;u;?;10;13067aus2Saͤmmojeeß;17Saͤmmojeeß;x;x;ßeejommͤaS
1;248;26;aus2;Saͤmmojeeß;safe;u;?;10;124826aus2Saͤmmojeeß;126Saͤmmojeeß;x;x;ßeejommͤaS
2;269;25;aus2;Saͤmmojeeß;safe;u;?;10;226925aus2Saͤmmojeeß;225Saͤmmojeeß;x;x;ßeejommͤaS
2;205;27;aus2;ſaͤmmojeeß;safe;l;?;10;220527aus2ſaͤmmojeeß;227ſaͤmmojeeß;x;x;ßeejommͤaſ
1;292;25;aus2;ſaͤmmojeeß;safe;l;?;10;129225aus2ſaͤmmojeeß;125ſaͤmmojeeß;x;x;ßeejommͤaſ
1;247;27;aus2;ſaͤmmojeeß;safe;l;?;10;124727aus2ſaͤmmojeeß;127ſaͤmmojeeß;x;x;ßeejommͤaſ
1;78;23;aus2;ſaͤmmojeeß;safe;l;?;10;17823aus2ſaͤmmojeeß;123ſaͤmmojeeß;x;x;ßeejommͤaſ
1;67;21;aus2;ſaͤmmojeeß;safe;l;?;10;16721aus2ſaͤmmojeeß;121ſaͤmmojeeß;x;x;ßeejommͤaſ
1;47;12;aus2;ſaͤmmojeeß;safe;l;?;10;14712aus2ſaͤmmojeeß;112ſaͤmmojeeß;x;x;ßeejommͤaſ
2;262;21;aus2;ſaͤmmojeeß;safe;l;?;10;226221aus2ſaͤmmojeeß;221ſaͤmmojeeß;x;x;ßeejommͤaſ
2;355;17;aus2;ſaͤmmojeeß;safe;l;?;10;235517aus2ſaͤmmojeeß;217ſaͤmmojeeß;x;x;ßeejommͤaſ
2;420;19;aus2;ſaͤmmojeeß;safe;l;?;10;242019aus2ſaͤmmojeeß;219ſaͤmmojeeß;x;x;ßeejommͤaſ
1;264;9;aus2;ẜaͤmmojeeß;safe;l;?;10;12649aus2ẜaͤmmojeeß;19ẜaͤmmojeeß;x;x;ßeejommͤaẜ
1;219;11;aus2;ẜaͤmmojeeß;safe;l;?;10;121911aus2ẜaͤmmojeeß;111ẜaͤmmojeeß;x;x;ßeejommͤaẜ
2;420;18;aus2;ẜaͤmmojeeß;safe;l;?;10;242018aus2ẜaͤmmojeeß;218ẜaͤmmojeeß;x;x;ßeejommͤaẜ
2;374;31;aus2;dußmojeeß;safe;l;?;9;237431aus2dußmojeeß;231dußmojeeß;x;x;ßeejomßud
2;255;16;aus2;baŗŗojeeß;safe;l;?;9;225516aus2baŗŗojeeß;216baŗŗojeeß;x;x;ßeejoŗŗab
2;132;29;aus2;baŗŗojeeß;safe;l;?;9;213229aus2baŗŗojeeß;229baŗŗojeeß;x;x;ßeejoŗŗab
2;131;11;aus2;baŗŗojeeß;safe;l;?;9;213111aus2baŗŗojeeß;211baŗŗojeeß;x;x;ßeejoŗŗab
3;211;29;aus2;dabbujeeß;safe;l;;9;321129aus2dabbujeeß;329dabbujeeß;x;x;ßeejubbad
3;125;6;aus2;dabbujeeß;safe;l;;9;31256aus2dabbujeeß;36dabbujeeß;x;x;ßeejubbad
1;544;23;aus2;dabbujeeß;safe;l;;9;154423aus2dabbujeeß;123dabbujeeß;x;x;ßeejubbad
2;341;15;aus2;dabbujeeß;safe;l;;9;234115aus2dabbujeeß;215dabbujeeß;x;x;ßeejubbad
1;180;10;aus2;apſpeegheleeß;unsafe;l;;13;118010aus2apſpeegheleeß;110apſpeegheleeß;x;x;ßeelehgeepſpa
3;214;25;aus2;ʒehleeß;unsafe;l;?;7;321425aus2ʒehleeß;325ʒehleeß;x;x;ßeelheʒ
3;204;20;aus2;ʒehleeß;unsafe;l;?;7;320420aus2ʒehleeß;320ʒehleeß;x;x;ßeelheʒ
3;204;18;aus2;ʒehleeß;unsafe;l;?;7;320418aus2ʒehleeß;318ʒehleeß;x;x;ßeelheʒ
3;203;13;aus2;ʒehleeß;unsafe;l;?;7;320313aus2ʒehleeß;313ʒehleeß;x;x;ßeelheʒ
3;188;1;aus2;ʒehleeß;unsafe;l;?;7;31881aus2ʒehleeß;31ʒehleeß;x;x;ßeelheʒ
3;163;19;aus2;ʒehleeß;unsafe;l;?;7;316319aus2ʒehleeß;319ʒehleeß;x;x;ßeelheʒ
3;157;13;aus2;ʒehleeß;unsafe;l;?;7;315713aus2ʒehleeß;313ʒehleeß;x;x;ßeelheʒ
3;155;6;aus2;ʒehleeß;unsafe;l;?;7;31556aus2ʒehleeß;36ʒehleeß;x;x;ßeelheʒ
3;89;2;aus2;ʒehleeß;unsafe;l;?;7;3892aus2ʒehleeß;32ʒehleeß;x;x;ßeelheʒ
3;88;3;aus2;ʒehleeß;unsafe;l;?;7;3883aus2ʒehleeß;33ʒehleeß;x;x;ßeelheʒ
2;222;4;peri;ʒehleeß;unsafe;l;?;7;22224periʒehleeß;24ʒehleeß;x;x;ßeelheʒ
2;139;20;aus2;ʒehleeß;unsafe;l;?;7;213920aus2ʒehleeß;220ʒehleeß;x;x;ßeelheʒ
2;45;18;aus1;ʒehleeß;unsafe;l;?;7;24518aus1ʒehleeß;218ʒehleeß;x;x;ßeelheʒ
2;33;12;aus2;ʒehleeß;unsafe;l;?;7;23312aus2ʒehleeß;212ʒehleeß;x;x;ßeelheʒ
1;486;6;aus2;ʒehleeß;unsafe;l;?;7;14866aus2ʒehleeß;16ʒehleeß;x;x;ßeelheʒ
1;481;6;aus2;ʒehleeß;unsafe;l;?;7;14816aus2ʒehleeß;16ʒehleeß;x;x;ßeelheʒ
1;479;5;aus2;ʒehleeß;unsafe;l;?;7;14795aus2ʒehleeß;15ʒehleeß;x;x;ßeelheʒ
1;465;13;aus2;ʒehleeß;unsafe;l;?;7;146513aus2ʒehleeß;113ʒehleeß;x;x;ßeelheʒ
1;463;7;aus1;ʒehleeß;unsafe;l;?;7;14637aus1ʒehleeß;17ʒehleeß;x;x;ßeelheʒ
1;437;13;aus2;ʒehleeß;unsafe;l;?;7;143713aus2ʒehleeß;113ʒehleeß;x;x;ßeelheʒ
1;437;10;aus2;ʒehleeß;unsafe;l;?;7;143710aus2ʒehleeß;110ʒehleeß;x;x;ßeelheʒ
1;435;15;aus1;ʒehleeß;unsafe;l;?;7;143515aus1ʒehleeß;115ʒehleeß;x;x;ßeelheʒ
1;435;11;aus1;ʒehleeß;unsafe;l;?;7;143511aus1ʒehleeß;111ʒehleeß;x;x;ßeelheʒ
1;435;6;aus1;ʒehleeß;unsafe;l;?;7;14356aus1ʒehleeß;16ʒehleeß;x;x;ßeelheʒ
1;432;9;aus2;ʒehleeß;unsafe;l;?;7;14329aus2ʒehleeß;19ʒehleeß;x;x;ßeelheʒ
1;432;5;aus2;ʒehleeß;unsafe;l;?;7;14325aus2ʒehleeß;15ʒehleeß;x;x;ßeelheʒ
1;430;28;aus2;ʒehleeß;unsafe;l;?;7;143028aus2ʒehleeß;128ʒehleeß;x;x;ßeelheʒ
1;430;14;aus2;ʒehleeß;unsafe;l;?;7;143014aus2ʒehleeß;114ʒehleeß;x;x;ßeelheʒ
1;429;20;aus2;ʒehleeß;unsafe;l;?;7;142920aus2ʒehleeß;120ʒehleeß;x;x;ßeelheʒ
1;424;13;aus2;ʒehleeß;unsafe;l;?;7;142413aus2ʒehleeß;113ʒehleeß;x;x;ßeelheʒ
1;423;29;aus2;ʒehleeß;unsafe;l;?;7;142329aus2ʒehleeß;129ʒehleeß;x;x;ßeelheʒ
1;423;21;aus2;ʒehleeß;unsafe;l;?;7;142321aus2ʒehleeß;121ʒehleeß;x;x;ßeelheʒ
1;423;1;aus1;ʒehleeß;unsafe;l;?;7;14231aus1ʒehleeß;11ʒehleeß;x;x;ßeelheʒ
1;422;26;aus1;ʒehleeß;unsafe;l;?;7;142226aus1ʒehleeß;126ʒehleeß;x;x;ßeelheʒ
1;422;18;aus1;ʒehleeß;unsafe;l;?;7;142218aus1ʒehleeß;118ʒehleeß;x;x;ßeelheʒ
1;422;13;aus1;ʒehleeß;unsafe;l;?;7;142213aus1ʒehleeß;113ʒehleeß;x;x;ßeelheʒ
1;421;21;aus1;ʒehleeß;unsafe;l;?;7;142121aus1ʒehleeß;121ʒehleeß;x;x;ßeelheʒ
1;421;8;aus1;ʒehleeß;unsafe;l;?;7;14218aus1ʒehleeß;18ʒehleeß;x;x;ßeelheʒ
1;415;15;aus2;ʒehleeß;unsafe;l;?;7;141515aus2ʒehleeß;115ʒehleeß;x;x;ßeelheʒ
1;415;2;aus2;ʒehleeß;unsafe;l;?;7;14152aus2ʒehleeß;12ʒehleeß;x;x;ßeelheʒ
1;413;29;aus2;ʒehleeß;unsafe;l;?;7;141329aus2ʒehleeß;129ʒehleeß;x;x;ßeelheʒ
1;413;25;aus2;ʒehleeß;unsafe;l;?;7;141325aus2ʒehleeß;125ʒehleeß;x;x;ßeelheʒ
1;413;16;aus2;ʒehleeß;unsafe;l;?;7;141316aus2ʒehleeß;116ʒehleeß;x;x;ßeelheʒ
1;413;11;aus2;ʒehleeß;unsafe;l;?;7;141311aus2ʒehleeß;111ʒehleeß;x;x;ßeelheʒ
1;413;8;aus2;ʒehleeß;unsafe;l;?;7;14138aus2ʒehleeß;18ʒehleeß;x;x;ßeelheʒ
1;413;4;aus2;ʒehleeß;unsafe;l;?;7;14134aus2ʒehleeß;14ʒehleeß;x;x;ßeelheʒ
1;413;2;aus2;ʒehleeß;unsafe;l;?;7;14132aus2ʒehleeß;12ʒehleeß;x;x;ßeelheʒ
1;412;13;aus2;ʒehleeß;unsafe;l;?;7;141213aus2ʒehleeß;113ʒehleeß;x;x;ßeelheʒ
1;407;26;aus1;ʒehleeß;unsafe;l;?;7;140726aus1ʒehleeß;126ʒehleeß;x;x;ßeelheʒ
1;407;25;aus1;ʒehleeß;unsafe;l;?;7;140725aus1ʒehleeß;125ʒehleeß;x;x;ßeelheʒ
1;406;11;peri;ʒehleeß;unsafe;l;?;7;140611periʒehleeß;111ʒehleeß;x;x;ßeelheʒ
1;356;8;aus2;ʒehleeß;unsafe;l;?;7;13568aus2ʒehleeß;18ʒehleeß;x;x;ßeelheʒ
1;290;21;aus2;ʒehleeß;unsafe;l;?;7;129021aus2ʒehleeß;121ʒehleeß;x;x;ßeelheʒ
1;277;18;aus2;ʒehleeß;unsafe;l;?;7;127718aus2ʒehleeß;118ʒehleeß;x;x;ßeelheʒ
1;268;23;aus1;ʒehleeß;unsafe;l;?;7;126823aus1ʒehleeß;123ʒehleeß;x;x;ßeelheʒ
1;268;7;aus1;ʒehleeß;unsafe;l;?;7;12687aus1ʒehleeß;17ʒehleeß;x;x;ßeelheʒ
1;210;21;peri;ʒehleeß;unsafe;l;?;7;121021periʒehleeß;121ʒehleeß;x;x;ßeelheʒ
1;174;3;aus2;ʒehleeß;unsafe;l;?;7;11743aus2ʒehleeß;13ʒehleeß;x;x;ßeelheʒ
1;169;12;aus2;ʒehleeß;unsafe;l;?;7;116912aus2ʒehleeß;112ʒehleeß;x;x;ßeelheʒ
1;162;10;aus2;ʒehleeß;unsafe;l;?;7;116210aus2ʒehleeß;110ʒehleeß;x;x;ßeelheʒ
1;15;18;aus2;ʒehleeß;unsafe;l;?;7;11518aus2ʒehleeß;118ʒehleeß;x;x;ßeelheʒ
1;276;13;aus2;ʒehleeß;unsafe;l;?;7;127613aus2ʒehleeß;113ʒehleeß;x;x;ßeelheʒ
2;287;13;aus2;ʒehleeß;unsafe;l;?;7;228713aus2ʒehleeß;213ʒehleeß;x;x;ßeelheʒ
2;289;23;aus2;Ʒehleeß;unsafe;u;?;7;228923aus2Ʒehleeß;223Ʒehleeß;x;x;ßeelheƷ
2;313;25;aus2;ʒehleeß;unsafe;l;?;7;231325aus2ʒehleeß;225ʒehleeß;x;x;ßeelheʒ
2;328;22;aus2;ʒehleeß;unsafe;l;?;7;232822aus2ʒehleeß;222ʒehleeß;x;x;ßeelheʒ
2;361;9;aus2;ʒehleeß;unsafe;l;?;7;23619aus2ʒehleeß;29ʒehleeß;x;x;ßeelheʒ
2;391;12;peri;ʒehleeß;unsafe;l;?;7;239112periʒehleeß;212ʒehleeß;x;x;ßeelheʒ
1;34;2;aus2;ʒehleeß;unsafe;l;?;7;1342aus2ʒehleeß;12ʒehleeß;x;x;ßeelheʒ
1;432;6;aus2;ʒehleeß;unsafe;l;?;7;14326aus2ʒehleeß;16ʒehleeß;x;x;ßeelheʒ
1;422;9;aus1;ʒehleeß;unsafe;l;?;7;14229aus1ʒehleeß;19ʒehleeß;x;x;ßeelheʒ
1;21;21;aus2;ʒehleeß;unsafe;l;?;7;12121aus2ʒehleeß;121ʒehleeß;x;x;ßeelheʒ
1;432;21;intr;ʒehleeß;unsafe;l;?;7;143221intrʒehleeß;121ʒehleeß;x;x;ßeelheʒ
1;509;32;aus2;aukſchamʒehleeß;unsafe;l;?;15;150932aus2aukſchamʒehleeß;132aukſchamʒehleeß;x;x;ßeelheʒmahcſkua
1;506;21;aus2;aukſchamʒehleeß;unsafe;l;?;15;150621aus2aukſchamʒehleeß;121aukſchamʒehleeß;x;x;ßeelheʒmahcſkua
3;147;12;aus2;usʒehleeß;unsafe;l;?;9;314712aus2usʒehleeß;312usʒehleeß;x;x;ßeelheʒsu
1;436;30;aus2;usʒehleeß;unsafe;l;?;9;143630aus2usʒehleeß;130usʒehleeß;x;x;ßeelheʒsu
2;176;28;aus2;wileeß;unsafe;l;?;6;217628aus2wileeß;228wileeß;x;x;ßeeliw
1;377;20;aus2;wileeß;unsafe;l;?;6;137720aus2wileeß;120wileeß;x;x;ßeeliw
1;377;16;aus2;wileeß;unsafe;l;?;6;137716aus2wileeß;116wileeß;x;x;ßeeliw
1;169;24;aus2;wileeß;unsafe;l;?;6;116924aus2wileeß;124wileeß;x;x;ßeeliw
2;270;17;aus2;wileeß;unsafe;l;?;6;227017aus2wileeß;217wileeß;x;x;ßeeliw
2;322;25;aus2;wileeß;unsafe;l;?;6;232225aus2wileeß;225wileeß;x;x;ßeeliw
2;64;18;aus2;peewileeß;unsafe;l;?;9;26418aus2peewileeß;218peewileeß;x;x;ßeeliweep
2;343;8;aus2;Ʒehlleeß;unsafe;u;?;8;23438aus2Ʒehlleeß;28Ʒehlleeß;x;x;ßeellheƷ
2;206;4;aus2;willeeß;unsafe;l;?;7;22064aus2willeeß;24willeeß;x;x;ßeelliw
1;285;10;aus2;willeeß;unsafe;l;?;7;128510aus2willeeß;110willeeß;x;x;ßeelliw
2;425;1;aus2;willeeß;unsafe;l;?;7;24251aus2willeeß;21willeeß;x;x;ßeelliw
1;47;28;aus2;pee⸗willeeß;unsafe;l;?;11;14728aus2pee⸗willeeß;128pee⸗willeeß;x;x;ßeelliw⸗eep
1;70;8;aus2;abgulleeß;unsafe;l;?;9;1708aus2abgulleeß;18abgulleeß;x;x;ßeellugba
1;191;4;aus2;ghulleeß;unsafe;l;?;8;11914aus2ghulleeß;14ghulleeß;x;x;ßeelluhg
2;303;15;aus2;ghulleeß;unsafe;l;?;8;230315aus2ghulleeß;215ghulleeß;x;x;ßeelluhg
2;364;25;aus2;peeghulleeß;unsafe;l;?;11;236425aus2peeghulleeß;225peeghulleeß;x;x;ßeelluhgeep
1;331;20;aus2;noleeß;unsafe;l;??;6;133120aus2noleeß;120noleeß;x;x;ßeelon
1;331;20;aus2;noleeß;unsafe;l;??;6;133120aus2noleeß;120noleeß;x;x;ßeelon
3;215;10;aus2;jehmeeß;unsafe;l;?;7;321510aus2jehmeeß;310jehmeeß;x;x;ßeemhej
3;127;6;aus2;jehmeeß;unsafe;l;?;7;31276aus2jehmeeß;36jehmeeß;x;x;ßeemhej
3;125;5;aus2;jehmeeß;unsafe;l;?;7;31255aus2jehmeeß;35jehmeeß;x;x;ßeemhej
1;146;3;aus2;jehmeeß;unsafe;l;?;7;11463aus2jehmeeß;13jehmeeß;x;x;ßeemhej
1;91;24;aus2;jehmeeß;unsafe;l;?;7;19124aus2jehmeeß;124jehmeeß;x;x;ßeemhej
1;80;13;aus2;jehmeeß;unsafe;l;?;7;18013aus2jehmeeß;113jehmeeß;x;x;ßeemhej
1;78;24;aus2;jehmeeß;unsafe;l;?;7;17824aus2jehmeeß;124jehmeeß;x;x;ßeemhej
1;52;5;aus1;jehmeeß;unsafe;l;?;7;1525aus1jehmeeß;15jehmeeß;x;x;ßeemhej
1;145;30;aus2;ap⸗jehmeeß;unsafe;l;?;10;114530aus2ap⸗jehmeeß;130ap⸗jehmeeß;x;x;ßeemhej⸗pa
2;106;18;aus2;us⸗jehmeeß;unsafe;l;?;10;210618aus2us⸗jehmeeß;218us⸗jehmeeß;x;x;ßeemhej⸗su
2;420;14;aus2;us⸗jehmeeß;unsafe;l;?;10;242014aus2us⸗jehmeeß;214us⸗jehmeeß;x;x;ßeemhej⸗su
1;424;5;aus2;ẜajehmeeß;unsafe;l;?;9;14245aus2ẜajehmeeß;15ẜajehmeeß;x;x;ßeemhejaẜ
2;41;16;aus2;apjehmeeß;unsafe;l;?;9;24116aus2apjehmeeß;216apjehmeeß;x;x;ßeemhejpa
3;26;23;aus2;usjehmeeß;unsafe;l;?;9;32623aus2usjehmeeß;323usjehmeeß;x;x;ßeemhejsu
1;268;31;aus1;usjehmeeß;unsafe;l;?;9;126831aus1usjehmeeß;131usjehmeeß;x;x;ßeemhejsu
1;162;3;aus2;usjehmeeß;unsafe;l;?;9;11623aus2usjehmeeß;13usjehmeeß;x;x;ßeemhejsu
1;121;25;aus2;usjehmeeß;unsafe;l;?;9;112125aus2usjehmeeß;125usjehmeeß;x;x;ßeemhejsu
1;91;32;aus2;usjehmeeß;unsafe;l;?;9;19132aus2usjehmeeß;132usjehmeeß;x;x;ßeemhejsu
1;47;13;aus2;usjehmeeß;unsafe;l;?;9;14713aus2usjehmeeß;113usjehmeeß;x;x;ßeemhejsu
1;11;3;aus2;usjehmeeß;unsafe;l;?;9;1113aus2usjehmeeß;13usjehmeeß;x;x;ßeemhejsu
3;132;17;aus2;jemmeeß;unsafe;l;?;7;313217aus2jemmeeß;317jemmeeß;x;x;ßeemmej
3;132;16;aus2;jemmeeß;unsafe;l;?;7;313216aus2jemmeeß;316jemmeeß;x;x;ßeemmej
3;132;2;aus2;jemmeeß;unsafe;l;?;7;31322aus2jemmeeß;32jemmeeß;x;x;ßeemmej
3;129;15;aus2;jemmeeß;unsafe;l;?;7;312915aus2jemmeeß;315jemmeeß;x;x;ßeemmej
2;128;2;aus2;jemmeeß;unsafe;l;?;7;21282aus2jemmeeß;22jemmeeß;x;x;ßeemmej
2;20;17;aus2;jemmeeß;unsafe;l;?;7;22017aus2jemmeeß;217jemmeeß;x;x;ßeemmej
1;522;16;aus2;jemmeeß;unsafe;l;?;7;152216aus2jemmeeß;116jemmeeß;x;x;ßeemmej
1;65;22;aus2;jemmeeß;unsafe;l;?;7;16522aus2jemmeeß;122jemmeeß;x;x;ßeemmej
2;269;24;aus2;jemmeeß;unsafe;l;?;7;226924aus2jemmeeß;224jemmeeß;x;x;ßeemmej
3;115;6;aus2;Ee⸗jemmeeß;unsafe;u;?;10;31156aus2Ee⸗jemmeeß;36Ee⸗jemmeeß;x;x;ßeemmej⸗eE
2;39;15;aus2;apjemmeeß;unsafe;l;?;9;23915aus2apjemmeeß;215apjemmeeß;x;x;ßeemmejpa
2;399;2;aus2;aisjemmeeß;unsafe;l;?;10;23992aus2aisjemmeeß;22aisjemmeeß;x;x;ßeemmejsia
1;218;19;aus2;usjemmeeß;unsafe;l;?;9;121819aus2usjemmeeß;119usjemmeeß;x;x;ßeemmejsu
1;219;6;aus2;us⸗jehmmeeß;unsafe;l;?;11;12196aus2us⸗jehmmeeß;16us⸗jehmmeeß;x;x;ßeemmhej⸗su
1;76;5;aus2;dſimmeeß;unsafe;l;?;8;1765aus2dſimmeeß;15dſimmeeß;x;x;ßeemmiſd
2;396;31;aus2;ap⸗ẜmeeß;unsafe;l;;8;239631aus2ap⸗ẜmeeß;231ap⸗ẜmeeß;x;x;ßeemẜ⸗pa
2;207;18;aus2;apẜmeeß;unsafe;l;;7;220718aus2apẜmeeß;218apẜmeeß;x;x;ßeemẜpa
2;409;14;aus2;apẜmeeß;unsafe;l;;7;240914aus2apẜmeeß;214apẜmeeß;x;x;ßeemẜpa
2;175;22;aus2;nomanneeß;unsafe;l;;9;217522aus2nomanneeß;222nomanneeß;x;x;ßeennamon
3;102;24;aus2;ißmanneeß;unsafe;l;;9;310224aus2ißmanneeß;324ißmanneeß;x;x;ßeennamßi
2;107;10;aus2;dſenneeß;unsafe;l;;8;210710aus2dſenneeß;210dſenneeß;x;x;ßeenneſd
2;103;24;aus2;dſenneeß;unsafe;l;;8;210324aus2dſenneeß;224dſenneeß;x;x;ßeenneſd
2;327;11;aus2;dſenneeß;unsafe;l;;8;232711aus2dſenneeß;211dſenneeß;x;x;ßeenneſd
2;422;21;aus2;dſenneeß;unsafe;l;;8;242221aus2dſenneeß;221dſenneeß;x;x;ßeenneſd
3;66;20;aus1;minneeß;unsafe;l;;7;36620aus1minneeß;320minneeß;x;x;ßeennim
2;53;4;aus2;attminneeß;unsafe;l;;10;2534aus2attminneeß;24attminneeß;x;x;ßeennimtta
2;20;29;aus2;attminneeß;unsafe;l;;10;22029aus2attminneeß;229attminneeß;x;x;ßeennimtta
1;90;29;aus2;attminneeß;unsafe;l;;10;19029aus2attminneeß;129attminneeß;x;x;ßeennimtta
2;302;30;aus2;Attminneeß;unsafe;u;;10;230230aus2Attminneeß;230Attminneeß;x;x;ßeennimttA
3;124;1;aus2;ſinneeß;unsafe;l;;7;31241aus2ſinneeß;31ſinneeß;x;x;ßeenniſ
2;116;23;aus2;Adſinneeß;unsafe;u;;9;211623aus2Adſinneeß;223Adſinneeß;x;x;ßeenniſdA
2;288;19;aus2;apauneeß;unsafe;l;;8;228819aus2apauneeß;219apauneeß;x;x;ßeenuapa
1;443;12;aus2;kahpeeß;unsafe;l;;7;144312aus2kahpeeß;112kahpeeß;x;x;ßeephak
3;181;20;aus2;Attkahpeeß;unsafe;u;?;10;318120aus2Attkahpeeß;320Attkahpeeß;x;x;ßeephakttA
3;169;27;aus2;Attkahpeeß;unsafe;u;?;10;316927aus2Attkahpeeß;327Attkahpeeß;x;x;ßeephakttA
2;204;7;aus2;Attkahpeeß;unsafe;u;?;10;22047aus2Attkahpeeß;27Attkahpeeß;x;x;ßeephakttA
3;211;13;aus2;paẜlehpeeß;unsafe;l;;10;321113aus2paẜlehpeeß;313paẜlehpeeß;x;x;ßeephelẜap
1;70;23;aus2;aptuppeeß;unsafe;l;;9;17023aus2aptuppeeß;123aptuppeeß;x;x;ßeepputpa
2;19;11;aus2;aptehrpeeß;unsafe;l;;10;21911aus2aptehrpeeß;211aptehrpeeß;x;x;ßeeprhetpa
1;396;28;aus2;aplaupeeß;unsafe;l;;9;139628aus2aplaupeeß;128aplaupeeß;x;x;ßeepualpa
3;124;7;aus2;pakareeß;unsafe;l;;8;31247aus2pakareeß;37pakareeß;x;x;ßeerakap
1;43;8;aus2;attſchkiereeß;unsafe;l;;13;1438aus2attſchkiereeß;18attſchkiereeß;x;x;ßeereikhcſtta
2;210;2;peri;wereeß;unsafe;l;;6;22102periwereeß;22wereeß;x;x;ßeerew
2;215;28;aus2;Attwereeß;unsafe;u;;9;221528aus2Attwereeß;228Attwereeß;x;x;ßeerewttA
3;156;11;aus2;Attgreeß;unsafe;u;;8;315611aus2Attgreeß;311Attgreeß;x;x;ßeergttA
3;213;12;aus2;bahreeß;unsafe;l;;7;321312aus2bahreeß;312bahreeß;x;x;ßeerhab
2;230;18;aus2;bahreeß;unsafe;l;;7;223018aus2bahreeß;218bahreeß;x;x;ßeerhab
2;207;2;aus2;kehreeß;unsafe;l;;7;22072aus2kehreeß;22kehreeß;x;x;ßeerhek
1;278;31;aus2;dſehreeß;unsafe;l;;8;127831aus2dſehreeß;131dſehreeß;x;x;ßeerheſd
1;474;5;aus2;pee⸗dſehreeß;unsafe;l;;12;14745aus2pee⸗dſehreeß;15pee⸗dſehreeß;x;x;ßeerheſd⸗eep
3;61;14;aus1;peedſehreeß;unsafe;l;;11;36114aus1peedſehreeß;314peedſehreeß;x;x;ßeerheſdeep
2;315;22;aus2;peedſehreeß;unsafe;l;;11;231522aus2peedſehreeß;222peedſehreeß;x;x;ßeerheſdeep
1;474;3;aus2;apdſehreeß;unsafe;l;;10;14743aus2apdſehreeß;13apdſehreeß;x;x;ßeerheſdpa
3;170;21;aus2;pahrwehreeß;unsafe;l;;11;317021aus2pahrwehreeß;321pahrwehreeß;x;x;ßeerhewrhap
2;70;14;aus2;Attghreeß;unsafe;u;;9;27014aus2Attghreeß;214Attghreeß;x;x;ßeerhgttA
2;86;24;aus2;noduhreeß;unsafe;l;;9;28624aus2noduhreeß;224noduhreeß;x;x;ßeerhudon
1;441;18;aus2;ẜkreeß;unsafe;l;;6;144118aus2ẜkreeß;118ẜkreeß;x;x;ßeerkẜ
1;290;29;aus2;eeſkreeß;unsafe;l;;8;129029aus2eeſkreeß;129eeſkreeß;x;x;ßeerkſee
3;73;11;aus1;barreeß;unsafe;l;;7;37311aus1barreeß;311barreeß;x;x;ßeerrab
2;269;30;aus2;barreeß;unsafe;l;;7;226930aus2barreeß;230barreeß;x;x;ßeerrab
2;374;30;aus2;barreeß;unsafe;l;;7;237430aus2barreeß;230barreeß;x;x;ßeerrab
3;124;6;aus2;Darreeß;unsafe;u;;7;31246aus2Darreeß;36Darreeß;x;x;ßeerraD
1;48;13;aus2;Darreeß;unsafe;u;;7;14813aus2Darreeß;113Darreeß;x;x;ßeerraD
3;127;24;aus2;pakarreeß;unsafe;l;;9;312724aus2pakarreeß;324pakarreeß;x;x;ßeerrakap
3;124;7;aus2;pakarreeß;unsafe;l;;9;31247aus2pakarreeß;37pakarreeß;x;x;ßeerrakap
2;70;2;aus2;warreeß;unsafe;l;;7;2702aus2warreeß;22warreeß;x;x;ßeerraw
1;397;13;aus2;ẜaderreeß;unsafe;l;;9;139713aus2ẜaderreeß;113ẜaderreeß;x;x;ßeerredaẜ
2;422;23;aus2;ẜaderreeß;unsafe;l;;9;242223aus2ẜaderreeß;223ẜaderreeß;x;x;ßeerredaẜ
2;220;17;aus2;kerreeß;unsafe;l;;7;222017aus2kerreeß;217kerreeß;x;x;ßeerrek
1;34;22;aus2;kerreeß;unsafe;l;;7;13422aus2kerreeß;122kerreeß;x;x;ßeerrek
2;388;20;aus2;kerreeß;unsafe;l;;7;238820aus2kerreeß;220kerreeß;x;x;ßeerrek
1;97;3;aus2;pee⸗dſerreeß;unsafe;l;;12;1973aus2pee⸗dſerreeß;13pee⸗dſerreeß;x;x;ßeerreſd⸗eep
3;185;3;aus2;peedſerreeß;unsafe;l;;11;31853aus2peedſerreeß;33peedſerreeß;x;x;ßeerreſdeep
2;220;26;aus2;attwerreeß;unsafe;l;;10;222026aus2attwerreeß;226attwerreeß;x;x;ßeerrewtta
2;220;24;aus2;attwerreeß;unsafe;l;;10;222024aus2attwerreeß;224attwerreeß;x;x;ßeerrewtta
2;219;5;aus2;attwerreeß;unsafe;l;;10;22195aus2attwerreeß;25attwerreeß;x;x;ßeerrewtta
2;262;14;aus2;ſchkirreeß;unsafe;l;;10;226214aus2ſchkirreeß;214ſchkirreeß;x;x;ßeerrikhcſ
2;242;17;aus2;klaẜeeß;unsafe;l;;7;224217aus2klaẜeeß;217klaẜeeß;x;x;ßeeẜalk
2;424;22;aus2;ẜaẜeeß;unsafe;l;;6;242422aus2ẜaẜeeß;222ẜaẜeeß;x;x;ßeeẜaẜ
3;184;20;aus2;preeʒaẜeeß;unsafe;l;;10;318420aus2preeʒaẜeeß;320preeʒaẜeeß;x;x;ßeeẜaʒeerp
2;377;24;aus2;attreebẜeeß;unsafe;l;;11;237724aus2attreebẜeeß;224attreebẜeeß;x;x;ßeeẜbeertta
1;504;24;aus2;jembẜeeß;unsafe;l;;8;150424aus2jembẜeeß;124jembẜeeß;x;x;ßeeẜbmej
2;134;11;aus2;leedſeeß;unsafe;l;?;8;213411aus2leedſeeß;211leedſeeß;x;x;ßeeſdeel
1;443;5;aus2;leedſeeß;unsafe;l;?;8;14435aus2leedſeeß;15leedſeeß;x;x;ßeeſdeel
1;411;26;aus2;leedſeeß;unsafe;l;?;8;141126aus2leedſeeß;126leedſeeß;x;x;ßeeſdeel
1;94;2;aus2;leedſeeß;unsafe;l;?;8;1942aus2leedſeeß;12leedſeeß;x;x;ßeeſdeel
3;176;21;aus2;paliedſeeß;unsafe;l;?;10;317621aus2paliedſeeß;321paliedſeeß;x;x;ßeeſdeilap
3;156;3;aus2;paliedſeeß;unsafe;l;?;10;31563aus2paliedſeeß;33paliedſeeß;x;x;ßeeſdeilap
3;155;2;aus2;palliedſeeß;unsafe;l;?;11;31552aus2palliedſeeß;32palliedſeeß;x;x;ßeeſdeillap
3;142;2;peri;palliedſeeß;unsafe;l;?;11;31422peripalliedſeeß;32palliedſeeß;x;x;ßeeſdeillap
1;358;20;aus2;apẜedſeeß;unsafe;l;?;9;135820aus2apẜedſeeß;120apẜedſeeß;x;x;ßeeſdeẜpa
2;248;3;aus2;luhdſeeß;unsafe;l;?;8;22483aus2luhdſeeß;23luhdſeeß;x;x;ßeeſdhul
2;116;25;aus2;luhdſeeß;unsafe;l;?;8;211625aus2luhdſeeß;225luhdſeeß;x;x;ßeeſdhul
2;375;25;aus2;luhdſeeß;unsafe;l;?;8;237525aus2luhdſeeß;225luhdſeeß;x;x;ßeeſdhul
2;396;22;aus2;luhdſeeß;unsafe;l;?;8;239622aus2luhdſeeß;222luhdſeeß;x;x;ßeeſdhul
3;125;22;aus2;iß⸗luhdſeeß;unsafe;l;?;11;312522aus2iß⸗luhdſeeß;322iß⸗luhdſeeß;x;x;ßeeſdhul⸗ßi
2;64;31;aus2;Steidſeeß;unsafe;u;?;9;26431aus2Steidſeeß;231Steidſeeß;x;x;ßeeſdietS
2;64;27;aus2;Steidſeeß;unsafe;u;?;9;26427aus2Steidſeeß;227Steidſeeß;x;x;ßeeſdietS
3;182;7;aus2;ſteidſeeß;unsafe;l;?;9;31827aus2ſteidſeeß;37ſteidſeeß;x;x;ßeeſdietſ
3;169;23;aus2;ſteidſeeß;unsafe;l;?;9;316923aus2ſteidſeeß;323ſteidſeeß;x;x;ßeeſdietſ
3;5;25;peri;ſteidſeeß;unsafe;l;?;9;3525periſteidſeeß;325ſteidſeeß;x;x;ßeeſdietſ
2;66;2;aus2;ſteidſeeß;unsafe;l;?;9;2662aus2ſteidſeeß;22ſteidſeeß;x;x;ßeeſdietſ
1;471;10;aus2;ſteidſeeß;unsafe;l;?;9;147110aus2ſteidſeeß;110ſteidſeeß;x;x;ßeeſdietſ
1;104;5;aus2;ſteidſeeß;unsafe;l;?;9;11045aus2ſteidſeeß;15ſteidſeeß;x;x;ßeeſdietſ
2;275;1;aus2;ſteidſeeß;unsafe;l;?;9;22751aus2ſteidſeeß;21ſteidſeeß;x;x;ßeeſdietſ
2;396;18;aus2;ſteidſeeß;unsafe;l;?;9;239618aus2ſteidſeeß;218ſteidſeeß;x;x;ßeeſdietſ
2;70;14;aus2;ghreeſeeß;unsafe;l;?;9;27014aus2ghreeſeeß;214ghreeſeeß;x;x;ßeeſeerhg
3;72;5;aus1;Attghreeſeeß;unsafe;u;?;12;3725aus1Attghreeſeeß;35Attghreeſeeß;x;x;ßeeſeerhgttA
1;444;26;aus2;Attghreeſeeß;unsafe;u;?;12;144426aus2Attghreeſeeß;126Attghreeſeeß;x;x;ßeeſeerhgttA
1;520;16;aus2;bieẜeeß;unsafe;l;;7;152016aus2bieẜeeß;116bieẜeeß;x;x;ßeeẜeib
2;95;27;aus2;attghreeſieẜeeß;unsafe;l;;15;29527aus2attghreeſieẜeeß;227attghreeſieẜeeß;x;x;ßeeẜeiſeerhgtta
1;551;9;aus2;attghreſeeß;unsafe;l;?;11;15519aus2attghreſeeß;19attghreſeeß;x;x;ßeeſerhgtta
1;44;20;aus2;ab⸗johſeeß;unsafe;l;?;10;14420aus2ab⸗johſeeß;120ab⸗johſeeß;x;x;ßeeſhoj⸗ba
1;44;18;aus2;ab⸗johſeeß;unsafe;l;?;10;14418aus2ab⸗johſeeß;118ab⸗johſeeß;x;x;ßeeſhoj⸗ba
3;9;2;aus2;taiẜeeß;unsafe;l;?;7;392aus2taiẜeeß;32taiẜeeß;x;x;ßeeẜiat
1;505;8;aus2;ẜataiẜeeß;unsafe;l;?;9;15058aus2ẜataiẜeeß;18ẜataiẜeeß;x;x;ßeeẜiataẜ
2;49;8;aus2;waͤdduſẜeeß;safe;l;;11;2498aus2waͤdduſẜeeß;28waͤdduſẜeeß;x;x;ßeeẜſuddͤaw
2;47;26;aus2;waͤdduſẜeeß;safe;l;;11;24726aus2waͤdduſẜeeß;226waͤdduſẜeeß;x;x;ßeeẜſuddͤaw
1;364;16;aus2;waͤdduſẜeeß;safe;l;;11;136416aus2waͤdduſẜeeß;116waͤdduſẜeeß;x;x;ßeeẜſuddͤaw
1;356;6;aus2;waͤdduſẜeeß;safe;l;;11;13566aus2waͤdduſẜeeß;16waͤdduſẜeeß;x;x;ßeeẜſuddͤaw
1;355;9;aus1;waͤdduſẜeeß;safe;l;;11;13559aus1waͤdduſẜeeß;19waͤdduſẜeeß;x;x;ßeeẜſuddͤaw
1;234;1;aus2;attwaͤdduſẜeeß;safe;l;;14;12341aus2attwaͤdduſẜeeß;11attwaͤdduſẜeeß;x;x;ßeeẜſuddͤawtta
1;328;11;aus1;wedduſẜeeß;safe;l;;10;132811aus1wedduſẜeeß;111wedduſẜeeß;x;x;ßeeẜſuddew
3;18;7;aus2;ißbijajuſẜeeß;safe;l;;13;3187aus2ißbijajuſẜeeß;37ißbijajuſẜeeß;x;x;ßeeẜſujajibßi
1;542;9;aus1;dijuſẜeeß;safe;l;;9;15429aus1dijuſẜeeß;19dijuſẜeeß;x;x;ßeeẜſujid
2;331;23;aus2;attradijuſẜeeß;safe;l;;14;233123aus2attradijuſẜeeß;223attradijuſẜeeß;x;x;ßeeẜſujidartta
1;363;15;aus2;rahdijuſẜeeß;safe;l;;12;136315aus2rahdijuſẜeeß;115rahdijuſẜeeß;x;x;ßeeẜſujidhar
1;363;12;aus2;rahdijuſẜeeß;safe;l;;12;136312aus2rahdijuſẜeeß;112rahdijuſẜeeß;x;x;ßeeẜſujidhar
2;177;23;aus2;ißplattijuſẜeeß;safe;l;;15;217723aus2ißplattijuſẜeeß;223ißplattijuſẜeeß;x;x;ßeeẜſujittalpßi
1;482;13;aus2;ſchaͤhlojuſẜeeß;safe;l;;15;148213aus2ſchaͤhlojuſẜeeß;113ſchaͤhlojuſẜeeß;x;x;ßeeẜſujolhͤahcſ
2;107;16;aus2;noliekuſẜeeß;safe;l;;12;210716aus2noliekuſẜeeß;216noliekuſẜeeß;x;x;ßeeẜſukeilon
2;331;11;aus2;laͤhkuſẜeeß;safe;l;;11;233111aus2laͤhkuſẜeeß;211laͤhkuſẜeeß;x;x;ßeeẜſukhͤal
1;102;17;aus2;ſteepuſẜeeß;safe;l;;11;110217aus2ſteepuſẜeeß;117ſteepuſẜeeß;x;x;ßeeẜſupeetſ
2;374;30;aus2;peedſaͤruſẜeeß;safe;l;;14;237430aus2peedſaͤruſẜeeß;230peedſaͤruſẜeeß;x;x;ßeeẜſurͤaſdeep
3;161;4;aus2;noſchkieruſẜeeß;safe;l;;15;31614aus2noſchkieruſẜeeß;34noſchkieruſẜeeß;x;x;ßeeẜſureikhcſon
2;278;19;aus2;eekaͤhruſẜeeß;safe;l;;13;227819aus2eekaͤhruſẜeeß;219eekaͤhruſẜeeß;x;x;ßeeẜſurhͤakee
2;90;12;aus2;duhruſẜeeß;safe;l;;10;29012aus2duhruſẜeeß;212duhruſẜeeß;x;x;ßeeẜſurhud
3;13;13;aus2;daͤwuſẜeeß;safe;l;;10;31313aus2daͤwuſẜeeß;313daͤwuſẜeeß;x;x;ßeeẜſuwͤad
2;202;24;aus2;ißdaͤwuſẜeeß;safe;l;;12;220224aus2ißdaͤwuſẜeeß;224ißdaͤwuſẜeeß;x;x;ßeeẜſuwͤadßi
2;149;2;aus2;ee⸗lauſeeß;safe;l;??;10;21492aus2ee⸗lauſeeß;22ee⸗lauſeeß;x;x;ßeeſual⸗ee
1;226;17;aus2;attwaͤdduẜeeß;safe;l;;13;122617aus2attwaͤdduẜeeß;117attwaͤdduẜeeß;x;x;ßeeẜuddͤawtta
3;157;21;aus2;apẜaͤgguẜeeß;safe;l;;12;315721aus2apẜaͤgguẜeeß;321apẜaͤgguẜeeß;x;x;ßeeẜuggͤaẜpa
2;278;6;aus2;ʒajuẜeeß;safe;l;;8;22786aus2ʒajuẜeeß;26ʒajuẜeeß;x;x;ßeeẜujaʒ
3;129;5;aus2;mittejuẜeeß;safe;l;;11;31295aus2mittejuẜeeß;35mittejuẜeeß;x;x;ßeeẜujettim
1;543;12;aus1;rahdijuẜeeß;safe;l;;11;154312aus1rahdijuẜeeß;112rahdijuẜeeß;x;x;ßeeẜujidhar
1;542;8;aus1;rahdijuẜeeß;safe;l;;11;15428aus1rahdijuẜeeß;18rahdijuẜeeß;x;x;ßeeẜujidhar
1;278;8;aus2;us⸗jaͤhmuẜeeß;safe;l;;13;12788aus2us⸗jaͤhmuẜeeß;18us⸗jaͤhmuẜeeß;x;x;ßeeẜumhͤaj⸗su
1;517;16;aus2;ee⸗maͤttuẜeeß;safe;l;;13;151716aus2ee⸗maͤttuẜeeß;116ee⸗maͤttuẜeeß;x;x;ßeeẜuttͤam⸗ee
3;90;29;aus2;padaͤwuẜeeß;safe;l;;11;39029aus2padaͤwuẜeeß;329padaͤwuẜeeß;x;x;ßeeẜuwͤadap
1;534;14;aus2;padaͤwuẜeeß;safe;l;;11;153414aus2padaͤwuẜeeß;114padaͤwuẜeeß;x;x;ßeeẜuwͤadap
2;223;9;peri;ſkeeteeß;unsafe;l;?;8;22239periſkeeteeß;29ſkeeteeß;x;x;ßeeteekſ
2;274;24;aus2;ſkeeteeß;unsafe;l;?;8;227424aus2ſkeeteeß;224ſkeeteeß;x;x;ßeeteekſ
1;331;15;aus2;pee⸗jemÞeeß;unsafe;u;?;11;133115aus2pee⸗jemÞeeß;115pee⸗jemÞeeß;x;x;ßeeÞmej⸗eep
3;170;9;aus2;ſkatteeß;unsafe;l;?;8;31709aus2ſkatteeß;39ſkatteeß;x;x;ßeettakſ
3;45;18;aus2;metteeß;unsafe;l;?;7;34518aus2metteeß;318metteeß;x;x;ßeettem
2;143;27;aus2;metteeß;unsafe;l;?;7;214327aus2metteeß;227metteeß;x;x;ßeettem
1;289;26;aus2;metteeß;unsafe;l;?;7;128926aus2metteeß;126metteeß;x;x;ßeettem
1;289;22;aus2;metteeß;unsafe;l;?;7;128922aus2metteeß;122metteeß;x;x;ßeettem
2;397;11;aus2;Metteeß;unsafe;u;?;7;239711aus2Metteeß;211Metteeß;x;x;ßeetteM
1;330;2;aus2;ee⸗metteeß;unsafe;l;?;10;13302aus2ee⸗metteeß;12ee⸗metteeß;x;x;ßeettem⸗ee
3;102;4;aus2;iß⸗metteeß;unsafe;l;?;10;31024aus2iß⸗metteeß;34iß⸗metteeß;x;x;ßeettem⸗ßi
3;101;22;aus2;us⸗metteeß;unsafe;l;?;10;310122aus2us⸗metteeß;322us⸗metteeß;x;x;ßeettem⸗su
1;358;18;aus2;apmetteeß;unsafe;l;?;9;135818aus2apmetteeß;118apmetteeß;x;x;ßeettempa
2;288;20;aus2;Apmetteeß;unsafe;u;?;9;228820aus2Apmetteeß;220Apmetteeß;x;x;ßeettempA
2;154;22;aus2;usmetteeß;unsafe;l;?;9;215422aus2usmetteeß;222usmetteeß;x;x;ßeettemsu
3;153;16;aus2;usmetteeß;unsafe;l;?;9;315316aus2usmetteeß;316usmetteeß;x;x;ßeettemsu
3;105;5;aus2;deweeß;unsafe;l;?;6;31055aus2deweeß;35deweeß;x;x;ßeewed
1;65;4;aus2;deweeß;unsafe;l;?;6;1654aus2deweeß;14deweeß;x;x;ßeewed
2;39;23;aus2;ee⸗deweeß;unsafe;l;?;9;23923aus2ee⸗deweeß;223ee⸗deweeß;x;x;ßeewed⸗ee
3;215;4;aus2;ißdeweeß;unsafe;l;?;8;32154aus2ißdeweeß;34ißdeweeß;x;x;ßeewedßi
3;133;15;aus2;paļahweeß;unsafe;l;?;9;313315aus2paļahweeß;315paļahweeß;x;x;ßeewhaļap
2;277;4;aus2;paļahweeß;unsafe;l;?;9;22774aus2paļahweeß;24paļahweeß;x;x;ßeewhaļap
1;421;17;aus1;ißrahweeß;unsafe;l;?;9;142117aus1ißrahweeß;117ißrahweeß;x;x;ßeewharßi
1;232;3;aus2;attrahweeß;unsafe;l;?;10;12323aus2attrahweeß;13attrahweeß;x;x;ßeewhartta
2;226;27;aus2;dehweeß;unsafe;l;?;7;222627aus2dehweeß;227dehweeß;x;x;ßeewhed
2;34;12;aus2;dehweeß;unsafe;l;?;7;23412aus2dehweeß;212dehweeß;x;x;ßeewhed
1;506;29;aus2;dehweeß;unsafe;l;?;7;150629aus2dehweeß;129dehweeß;x;x;ßeewhed
1;506;2;aus2;dehweeß;unsafe;l;?;7;15062aus2dehweeß;12dehweeß;x;x;ßeewhed
1;453;19;aus2;dehweeß;unsafe;l;?;7;145319aus2dehweeß;119dehweeß;x;x;ßeewhed
1;452;3;aus2;dehweeß;unsafe;l;?;7;14523aus2dehweeß;13dehweeß;x;x;ßeewhed
1;441;3;aus2;dehweeß;unsafe;l;?;7;14413aus2dehweeß;13dehweeß;x;x;ßeewhed
1;330;6;aus2;dehweeß;unsafe;l;?;7;13306aus2dehweeß;16dehweeß;x;x;ßeewhed
3;117;6;aus2;nodehweeß;unsafe;l;?;9;31176aus2nodehweeß;36nodehweeß;x;x;ßeewhedon
1;395;16;aus2;nodehweeß;unsafe;l;?;9;139516aus2nodehweeß;116nodehweeß;x;x;ßeewhedon
2;331;22;aus2;nodehweeß;unsafe;l;?;9;233122aus2nodehweeß;222nodehweeß;x;x;ßeewhedon
3;102;21;aus2;nahxeeß;unsafe;l;;7;310221aus2nahxeeß;321nahxeeß;x;x;ßeexhan
1;337;4;aus2;nahxeeß;unsafe;l;;7;13374aus2nahxeeß;14nahxeeß;x;x;ßeexhan
2;375;20;aus2;nahxeeß;unsafe;l;;7;237520aus2nahxeeß;220nahxeeß;x;x;ßeexhan
2;305;5;aus2;lehxeeß;unsafe;l;;7;23055aus2lehxeeß;25lehxeeß;x;x;ßeexhel
2;408;20;aus2;beixeeß;unsafe;l;;7;240820aus2beixeeß;220beixeeß;x;x;ßeexieb
2;64;25;aus2;ſteixeeß;unsafe;l;;8;26425aus2ſteixeeß;225ſteixeeß;x;x;ßeexietſ
1;125;28;aus2;lixeeß;unsafe;l;;6;112528aus2lixeeß;128lixeeß;x;x;ßeexil
2;322;6;aus2;lixeeß;unsafe;l;;6;23226aus2lixeeß;26lixeeß;x;x;ßeexil
2;374;17;aus2;lixeeß;unsafe;l;;6;237417aus2lixeeß;217lixeeß;x;x;ßeexil
1;357;27;aus2;notixeeß;unsafe;l;;8;135727aus2notixeeß;127notixeeß;x;x;ßeexiton
1;100;1;peri;notixeeß;unsafe;l;;8;11001perinotixeeß;11notixeeß;x;x;ßeexiton
1;24;19;aus2;notixeeß;unsafe;l;;8;12419aus2notixeeß;119notixeeß;x;x;ßeexiton
1;134;5;aus2;apwillxeeß;unsafe;l;;10;11345aus2apwillxeeß;15apwillxeeß;x;x;ßeexlliwpa
1;202;13;aus2;jauxeeß;unsafe;l;;7;120213aus2jauxeeß;113jauxeeß;x;x;ßeexuaj
3;63;8;aus1;mahʒeeß;unsafe;l;;7;3638aus1mahʒeeß;38mahʒeeß;x;x;ßeeʒham
2;144;5;aus2;mahʒeeß;unsafe;l;;7;21445aus2mahʒeeß;25mahʒeeß;x;x;ßeeʒham
1;107;1;aus2;mahʒeeß;unsafe;l;;7;11071aus2mahʒeeß;11mahʒeeß;x;x;ßeeʒham
1;106;30;aus2;mahʒeeß;unsafe;l;;7;110630aus2mahʒeeß;130mahʒeeß;x;x;ßeeʒham
1;106;29;aus2;mahʒeeß;unsafe;l;;7;110629aus2mahʒeeß;129mahʒeeß;x;x;ßeeʒham
1;106;29;aus2;mahʒeeß;unsafe;l;;7;110629aus2mahʒeeß;129mahʒeeß;x;x;ßeeʒham
3;189;13;aus2;ißmahʒeeß;unsafe;l;;9;318913aus2ißmahʒeeß;313ißmahʒeeß;x;x;ßeeʒhamßi
3;167;2;aus1;nahʒeeß;unsafe;l;;7;31672aus1nahʒeeß;32nahʒeeß;x;x;ßeeʒhan
3;135;12;aus2;lehʒeeß;unsafe;l;;7;313512aus2lehʒeeß;312lehʒeeß;x;x;ßeeʒhel
1;122;29;aus2;lehʒeeß;unsafe;l;;7;112229aus2lehʒeeß;129lehʒeeß;x;x;ßeeʒhel
3;41;8;aus2;wellʒeeß;unsafe;l;;8;3418aus2wellʒeeß;38wellʒeeß;x;x;ßeeʒllew
1;218;24;aus2;apwellʒeeß;unsafe;l;;10;121824aus2apwellʒeeß;124apwellʒeeß;x;x;ßeeʒllewpa
1;365;8;aus2;apwillʒeeß;unsafe;l;;10;13658aus2apwillʒeeß;18apwillʒeeß;x;x;ßeeʒlliwpa
1;43;11;aus2;apwillʒeeß;unsafe;l;;10;14311aus2apwillʒeeß;111apwillʒeeß;x;x;ßeeʒlliwpa
1;256;2;aus2;attwillʒeeß;unsafe;l;;11;12562aus2attwillʒeeß;12attwillʒeeß;x;x;ßeeʒlliwtta
2;371;30;aus2;attwillʒeeß;unsafe;l;;11;237130aus2attwillʒeeß;230attwillʒeeß;x;x;ßeeʒlliwtta
2;331;17;aus2;attpirʒeeß;unsafe;l;;10;233117aus2attpirʒeeß;217attpirʒeeß;x;x;ßeeʒriptta
1;454;3;aus2;pirrʒeeß;unsafe;l;;8;14543aus2pirrʒeeß;13pirrʒeeß;x;x;ßeeʒrrip
1;395;24;aus2;pirrʒeeß;unsafe;l;;8;139524aus2pirrʒeeß;124pirrʒeeß;x;x;ßeeʒrrip
3;124;18;aus2;nopirrʒeeß;unsafe;l;;10;312418aus2nopirrʒeeß;318nopirrʒeeß;x;x;ßeeʒrripon
2;181;4;aus2;nopirrʒeeß;unsafe;l;;10;21814aus2nopirrʒeeß;24nopirrʒeeß;x;x;ßeeʒrripon
2;117;21;aus2;nopirrʒeeß;unsafe;l;;10;211721aus2nopirrʒeeß;221nopirrʒeeß;x;x;ßeeʒrripon
1;372;13;aus2;attpirrʒeeß;unsafe;l;;11;137213aus2attpirrʒeeß;113attpirrʒeeß;x;x;ßeeʒrriptta
2;236;1;aus2;tʒeeß;unsafe;l;;5;22361aus2tʒeeß;21tʒeeß;x;x;ßeeʒt
1;207;22;aus2;tʒeeß;unsafe;l;;5;120722aus2tʒeeß;122tʒeeß;x;x;ßeeʒt
1;468;10;aus2;leetʒeeß;unsafe;l;;8;146810aus2leetʒeeß;110leetʒeeß;x;x;ßeeʒteel
1;469;24;aus2;no⸗brehtʒeeß;unsafe;l;;12;146924aus2no⸗brehtʒeeß;124no⸗brehtʒeeß;x;x;ßeeʒtherb⸗on
3;212;12;aus2;litʒeeß;unsafe;l;;7;321212aus2litʒeeß;312litʒeeß;x;x;ßeeʒtil
3;195;2;peri;litʒeeß;unsafe;l;;7;31952perilitʒeeß;32litʒeeß;x;x;ßeeʒtil
3;47;20;aus2;litʒeeß;unsafe;l;;7;34720aus2litʒeeß;320litʒeeß;x;x;ßeeʒtil
2;138;11;aus2;litʒeeß;unsafe;l;;7;213811aus2litʒeeß;211litʒeeß;x;x;ßeeʒtil
1;430;16;aus2;litʒeeß;unsafe;l;;7;143016aus2litʒeeß;116litʒeeß;x;x;ßeeʒtil
1;169;10;aus2;litʒeeß;unsafe;l;;7;116910aus2litʒeeß;110litʒeeß;x;x;ßeeʒtil
1;91;8;aus2;litʒeeß;unsafe;l;;7;1918aus2litʒeeß;18litʒeeß;x;x;ßeeʒtil
1;503;8;aus2;litʒeeß;unsafe;l;;7;15038aus2litʒeeß;18litʒeeß;x;x;ßeeʒtil
3;48;15;aus2;notitʒeeß;unsafe;l;;9;34815aus2notitʒeeß;315notitʒeeß;x;x;ßeeʒtiton
3;2;3;intr;notitʒeeß;unsafe;l;;9;323intrnotitʒeeß;33notitʒeeß;x;x;ßeeʒtiton
1;186;6;intr;notitʒeeß;unsafe;l;;9;11866intrnotitʒeeß;16notitʒeeß;x;x;ßeeʒtiton
2;262;7;aus2;jautʒeeß;unsafe;l;;8;22627aus2jautʒeeß;27jautʒeeß;x;x;ßeeʒtuaj
3;66;12;aus1;jauʒeeß;unsafe;l;;7;36612aus1jauʒeeß;312jauʒeeß;x;x;ßeeʒuaj
3;61;15;aus1;jauʒeeß;unsafe;l;;7;36115aus1jauʒeeß;315jauʒeeß;x;x;ßeeʒuaj
2;219;24;aus2;jauʒeeß;unsafe;l;;7;221924aus2jauʒeeß;224jauʒeeß;x;x;ßeeʒuaj
2;103;24;aus2;jauʒeeß;unsafe;l;;7;210324aus2jauʒeeß;224jauʒeeß;x;x;ßeeʒuaj
2;22;1;aus2;jauʒeeß;unsafe;l;;7;2221aus2jauʒeeß;21jauʒeeß;x;x;ßeeʒuaj
1;175;20;aus2;jauʒeeß;unsafe;l;;7;117520aus2jauʒeeß;120jauʒeeß;x;x;ßeeʒuaj
1;31;20;aus2;jauʒeeß;unsafe;l;;7;13120aus2jauʒeeß;120jauʒeeß;x;x;ßeeʒuaj
1;30;22;aus2;jauʒeeß;unsafe;l;;7;13022aus2jauʒeeß;122jauʒeeß;x;x;ßeeʒuaj
2;314;6;aus2;jauʒeeß;unsafe;l;;7;23146aus2jauʒeeß;26jauʒeeß;x;x;ßeeʒuaj
2;388;17;aus2;jauʒeeß;unsafe;l;;7;238817aus2jauʒeeß;217jauʒeeß;x;x;ßeeʒuaj
2;246;27;aus2;ghlahbiß;unsafe;l;;8;224627aus2ghlahbiß;227ghlahbiß;x;x;ßibhalhg
2;60;13;peri;attraddiß;unsafe;l;;9;26013periattraddiß;213attraddiß;x;x;ßiddartta
1;157;25;peri;attraddiß;unsafe;l;;9;115725periattraddiß;125attraddiß;x;x;ßiddartta
2;376;17;aus2;attraddiß;unsafe;l;;9;237617aus2attraddiß;217attraddiß;x;x;ßiddartta
1;151;2;aus2;weddiß;unsafe;l;;6;11512aus2weddiß;12weddiß;x;x;ßiddew
1;31;2;aus2;weddiß;unsafe;l;;6;1312aus2weddiß;12weddiß;x;x;ßiddew
1;207;11;aus2;ee⸗weddiß;unsafe;l;;9;120711aus2ee⸗weddiß;111ee⸗weddiß;x;x;ßiddew⸗ee
3;9;28;aus2;eeweddiß;unsafe;l;;8;3928aus2eeweddiß;328eeweddiß;x;x;ßiddewee
2;118;16;aus2;ißweddiß;unsafe;l;;8;211816aus2ißweddiß;216ißweddiß;x;x;ßiddewßi
1;449;9;aus1;ißweddiß;unsafe;l;;8;14499aus1ißweddiß;19ißweddiß;x;x;ßiddewßi
1;331;10;aus2;paſuddiß;unsafe;l;;8;133110aus2paſuddiß;110paſuddiß;x;x;ßidduſap
2;411;5;aus2;kliediß;unsafe;l;;7;24115aus2kliediß;25kliediß;x;x;ßideilk
1;450;27;aus2;iß⸗kliediß;unsafe;l;;10;145027aus2iß⸗kliediß;127iß⸗kliediß;x;x;ßideilk⸗ßi
2;76;6;aus2;ißkliediß;unsafe;l;;9;2766aus2ißkliediß;26ißkliediß;x;x;ßideilkßi
2;70;6;aus2;attkliediß;unsafe;l;;10;2706aus2attkliediß;26attkliediß;x;x;ßideilktta
3;27;6;aus2;ẜwiediß;unsafe;l;;7;3276aus2ẜwiediß;36ẜwiediß;x;x;ßideiwẜ
2;69;13;aus2;ẜwiediß;unsafe;l;;7;26913aus2ẜwiediß;213ẜwiediß;x;x;ßideiwẜ
2;263;28;aus2;usmohdiß;unsafe;l;;8;226328aus2usmohdiß;228usmohdiß;x;x;ßidhomsu
1;547;20;aus2;nohſt⸗ghruhdiß;unsafe;l;;14;154720aus2nohſt⸗ghruhdiß;120nohſt⸗ghruhdiß;x;x;ßidhurhg⸗tſhon
3;197;17;aus1;laidiß;unsafe;l;;6;319717aus1laidiß;317laidiß;x;x;ßidial
3;174;4;aus2;apghadajiß;safe;l;;10;31744aus2apghadajiß;34apghadajiß;x;x;ßijadahgpa
2;248;31;aus2;dſeedajiß;safe;l;;9;224831aus2dſeedajiß;231dſeedajiß;x;x;ßijadeeſd
3;139;12;peri;baudajiß;safe;l;;8;313912peribaudajiß;312baudajiß;x;x;ßijaduab
3;29;28;aus2;apraudajiß;safe;l;;10;32928aus2apraudajiß;328apraudajiß;x;x;ßijaduarpa
2;409;20;aus2;daggajiß;safe;l;;8;240920aus2daggajiß;220daggajiß;x;x;ßijaggad
3;186;5;aus2;ghajiß;safe;l;;6;31865aus2ghajiß;35ghajiß;x;x;ßijahg
3;199;13;aus2;ee⸗ghajiß;safe;l;;9;319913aus2ee⸗ghajiß;313ee⸗ghajiß;x;x;ßijahg⸗ee
2;277;7;aus2;eeghajiß;safe;l;;8;22777aus2eeghajiß;27eeghajiß;x;x;ßijahgee
2;396;4;aus2;iß⸗ſtaighajiß;safe;l;;13;23964aus2iß⸗ſtaighajiß;24iß⸗ſtaighajiß;x;x;ßijahgiatſ⸗ßi
2;353;2;aus2;noghajiß;safe;l;;8;23532aus2noghajiß;22noghajiß;x;x;ßijahgon
2;277;3;aus2;bijajiß;safe;l;;7;22773aus2bijajiß;23bijajiß;x;x;ßijajib
2;398;10;aus2;dohmajiß;safe;l;;8;239810aus2dohmajiß;210dohmajiß;x;x;ßijamhod
3;164;7;intr;najiß;safe;l;;5;31647intrnajiß;37najiß;x;x;ßijan
3;35;1;peri;najiß;safe;l;;5;3351perinajiß;31najiß;x;x;ßijan
2;404;17;intr;ẜluddenajiß;safe;l;;11;240417intrẜluddenajiß;217ẜluddenajiß;x;x;ßijaneddulẜ
2;418;26;aus1;ẜluddenajiß;safe;l;;11;241826aus1ẜluddenajiß;226ẜluddenajiß;x;x;ßijaneddulẜ
2;383;20;aus2;ẜaͤhdenajiß;safe;l;;11;238320aus2ẜaͤhdenajiß;220ẜaͤhdenajiß;x;x;ßijanedhͤaẜ
3;70;8;aus1;ee⸗kohdenajiß;safe;l;;13;3708aus1ee⸗kohdenajiß;38ee⸗kohdenajiß;x;x;ßijanedhok⸗ee
3;208;14;aus2;eekohdenajiß;safe;l;;12;320814aus2eekohdenajiß;314eekohdenajiß;x;x;ßijanedhokee
3;174;7;aus2;eekohdenajiß;safe;l;;12;31747aus2eekohdenajiß;37eekohdenajiß;x;x;ßijanedhokee
3;12;8;aus2;mohdenajiß;safe;l;;10;3128aus2mohdenajiß;38mohdenajiß;x;x;ßijanedhom
2;403;17;aus2;usmohdenajiß;safe;l;;12;240317aus2usmohdenajiß;217usmohdenajiß;x;x;ßijanedhomsu
2;391;3;intr;usmodenajiß;safe;l;;11;23913intrusmodenajiß;23usmodenajiß;x;x;ßijanedomsu
2;395;12;aus2;wahrdſenajiß;safe;l;;12;239512aus2wahrdſenajiß;212wahrdſenajiß;x;x;ßijaneſdrhaw
2;377;16;aus2;kaitenajiß;safe;l;;10;237716aus2kaitenajiß;216kaitenajiß;x;x;ßijanetiak
2;235;7;aus2;apkaitenajiß;safe;l;;12;22357aus2apkaitenajiß;27apkaitenajiß;x;x;ßijanetiakpa
2;315;29;aus2;apkaitenajiß;safe;l;;12;231529aus2apkaitenajiß;229apkaitenajiß;x;x;ßijanetiakpa
2;235;7;aus2;apghrutenajiß;safe;l;;13;22357aus2apghrutenajiß;27apghrutenajiß;x;x;ßijaneturhgpa
1;553;16;aus2;ee⸗dahwenajiß;safe;l;;13;155316aus2ee⸗dahwenajiß;116ee⸗dahwenajiß;x;x;ßijanewhad⸗ee
3;113;5;aus2;ißpillinajiß;safe;l;;12;31135aus2ißpillinajiß;35ißpillinajiß;x;x;ßijanillipßi
3;180;12;aus2;nitʒinajiß;safe;l;;10;318012aus2nitʒinajiß;312nitʒinajiß;x;x;ßijaniʒtin
2;245;23;aus2;ſinnajiß;safe;l;;8;224523aus2ſinnajiß;223ſinnajiß;x;x;ßijanniſ
3;188;10;aus2;runnajiß;safe;l;;8;318810aus2runnajiß;310runnajiß;x;x;ßijannur
3;180;17;aus2;runnajiß;safe;l;;8;318017aus2runnajiß;317runnajiß;x;x;ßijannur
3;166;19;aus1;runnajiß;safe;l;;8;316619aus1runnajiß;319runnajiß;x;x;ßijannur
2;423;23;aus2;runnajiß;safe;l;;8;242323aus2runnajiß;223runnajiß;x;x;ßijannur
2;286;11;aus2;ißrunnajiß;safe;l;;10;228611aus2ißrunnajiß;211ißrunnajiß;x;x;ßijannurßi
3;45;24;aus2;usrunnajiß;safe;l;;10;34524aus2usrunnajiß;324usrunnajiß;x;x;ßijannursu
3;12;3;aus2;usrunnajiß;safe;l;;10;3123aus2usrunnajiß;33usrunnajiß;x;x;ßijannursu
3;10;8;aus2;attjaunajiß;safe;l;;11;3108aus2attjaunajiß;38attjaunajiß;x;x;ßijanuajtta
2;371;27;aus2;attjaunajiß;safe;l;;11;237127aus2attjaunajiß;227attjaunajiß;x;x;ßijanuajtta
3;165;15;peri;ſtajiß;safe;l;;6;316515periſtajiß;315ſtajiß;x;x;ßijatſ
3;142;24;peri;attſtajiß;safe;l;;9;314224periattſtajiß;324attſtajiß;x;x;ßijatſtta
3;181;26;aus2;nomaxajiß;safe;l;;9;318126aus2nomaxajiß;326nomaxajiß;x;x;ßijaxamon
3;30;20;aus2;nomaxajiß;safe;l;;9;33020aus2nomaxajiß;320nomaxajiß;x;x;ßijaxamon
3;30;7;aus2;nomaxajiß;safe;l;;9;3307aus2nomaxajiß;37nomaxajiß;x;x;ßijaxamon
3;20;9;aus2;nomaxajiß;safe;l;;9;3209aus2nomaxajiß;39nomaxajiß;x;x;ßijaxamon
2;372;30;aus2;nomaxajiß;safe;l;;9;237230aus2nomaxajiß;230nomaxajiß;x;x;ßijaxamon
2;328;12;aus2;waiʒajiß;safe;l;;8;232812aus2waiʒajiß;212waiʒajiß;x;x;ßijaʒiaw
2;230;22;aus2;dſeedaͤjiß;safe;l;;10;223022aus2dſeedaͤjiß;222dſeedaͤjiß;x;x;ßijͤadeeſd
2;422;17;aus2;ghribbejiß;safe;l;;10;242217aus2ghribbejiß;217ghribbejiß;x;x;ßijebbirhg
3;201;29;aus2;riebejiß;safe;l;;8;320129aus2riebejiß;329riebejiß;x;x;ßijebeir
2;350;9;aus2;raddejiß;safe;l;;8;23509aus2raddejiß;29raddejiß;x;x;ßijeddar
3;64;22;aus1;lahdejiß;safe;l;;8;36422aus1lahdejiß;322lahdejiß;x;x;ßijedhal
2;374;13;aus2;lahdejiß;safe;l;;8;237413aus2lahdejiß;213lahdejiß;x;x;ßijedhal
2;422;17;aus2;ẜmahdejiß;safe;l;;9;242217aus2ẜmahdejiß;217ẜmahdejiß;x;x;ßijedhamẜ
3;15;6;aus2;ẜehdejiß;safe;l;;8;3156aus2ẜehdejiß;36ẜehdejiß;x;x;ßijedheẜ
3;7;1;peri;ẜehdejiß;safe;l;;8;371periẜehdejiß;31ẜehdejiß;x;x;ßijedheẜ
2;339;22;aus2;ißdelldejiß;safe;l;;11;233922aus2ißdelldejiß;222ißdelldejiß;x;x;ßijedlledßi
3;171;25;aus2;dſirrdejiß;safe;l;;10;317125aus2dſirrdejiß;325dſirrdejiß;x;x;ßijedrriſd
3;168;18;aus2;dſirrdejiß;safe;l;;10;316818aus2dſirrdejiß;318dſirrdejiß;x;x;ßijedrriſd
3;11;5;aus2;dſirrdejiß;safe;l;;10;3115aus2dſirrdejiß;35dſirrdejiß;x;x;ßijedrriſd
2;277;11;aus2;dſirrdejiß;safe;l;;10;227711aus2dſirrdejiß;211dſirrdejiß;x;x;ßijedrriſd
2;315;10;aus2;dſirrdejiß;safe;l;;10;231510aus2dſirrdejiß;210dſirrdejiß;x;x;ßijedrriſd
2;389;21;aus2;dſirrdejiß;safe;l;;10;238921aus2dſirrdejiß;221dſirrdejiß;x;x;ßijedrriſd
2;396;1;aus2;dſirrdejiß;safe;l;;10;23961aus2dſirrdejiß;21dſirrdejiß;x;x;ßijedrriſd
2;414;27;aus2;dſirrdejiß;safe;l;;10;241427aus2dſirrdejiß;227dſirrdejiß;x;x;ßijedrriſd
3;19;9;aus2;nobahlejiß;safe;l;;10;3199aus2nobahlejiß;39nobahlejiß;x;x;ßijelhabon
3;208;14;aus2;pawehlejiß;safe;l;;10;320814aus2pawehlejiß;314pawehlejiß;x;x;ßijelhewap
3;174;7;aus2;pawehlejiß;safe;l;;10;31747aus2pawehlejiß;37pawehlejiß;x;x;ßijelhewap
3;157;1;aus2;pawehlejiß;safe;l;;10;31571aus2pawehlejiß;31pawehlejiß;x;x;ßijelhewap
3;130;21;aus2;pawehlejiß;safe;l;;10;313021aus2pawehlejiß;321pawehlejiß;x;x;ßijelhewap
3;70;20;aus1;pawehlejiß;safe;l;;10;37020aus1pawehlejiß;320pawehlejiß;x;x;ßijelhewap
2;255;23;aus2;pawehlejiß;safe;l;;10;225523aus2pawehlejiß;223pawehlejiß;x;x;ßijelhewap
2;254;23;aus2;pawehlejiß;safe;l;;10;225423aus2pawehlejiß;223pawehlejiß;x;x;ßijelhewap
2;285;4;aus2;pawehlejiß;safe;l;;10;22854aus2pawehlejiß;24pawehlejiß;x;x;ßijelhewap
2;286;11;aus2;pawehlejiß;safe;l;;10;228611aus2pawehlejiß;211pawehlejiß;x;x;ßijelhewap
2;364;9;aus2;pawehlejiß;safe;l;;10;23649aus2pawehlejiß;29pawehlejiß;x;x;ßijelhewap
2;365;7;aus2;pawehlejiß;safe;l;;10;23657aus2pawehlejiß;27pawehlejiß;x;x;ßijelhewap
2;381;8;aus1;pawehlejiß;safe;l;;10;23818aus1pawehlejiß;28pawehlejiß;x;x;ßijelhewap
2;384;20;aus2;pawehlejiß;safe;l;;10;238420aus2pawehlejiß;220pawehlejiß;x;x;ßijelhewap
2;386;22;aus2;pawehlejiß;safe;l;;10;238622aus2pawehlejiß;222pawehlejiß;x;x;ßijelhewap
3;90;31;aus2;attwehlejiß;safe;l;;11;39031aus2attwehlejiß;331attwehlejiß;x;x;ßijelhewtta
2;249;17;aus2;ghullejiß;safe;l;;9;224917aus2ghullejiß;217ghullejiß;x;x;ßijelluhg
2;422;17;aus2;abẜmejiß;safe;l;;8;242217aus2abẜmejiß;217abẜmejiß;x;x;ßijemẜba
3;12;9;aus2;rejiß;safe;l;;5;3129aus2rejiß;39rejiß;x;x;ßijer
3;180;14;aus2;ſwerejiß;safe;l;;8;318014aus2ſwerejiß;314ſwerejiß;x;x;ßijerewſ
3;188;20;aus2;us⸗wahrejiß;safe;l;;11;318820aus2us⸗wahrejiß;320us⸗wahrejiß;x;x;ßijerhaw⸗su
3;186;7;aus2;ſwehrejiß;safe;l;;9;31867aus2ſwehrejiß;37ſwehrejiß;x;x;ßijerhewſ
3;157;12;aus2;warrejiß;safe;l;;8;315712aus2warrejiß;312warrejiß;x;x;ßijerraw
3;45;26;aus2;warrejiß;safe;l;;8;34526aus2warrejiß;326warrejiß;x;x;ßijerraw
3;45;22;aus2;warrejiß;safe;l;;8;34522aus2warrejiß;322warrejiß;x;x;ßijerraw
3;14;20;aus2;warrejiß;safe;l;;8;31420aus2warrejiß;320warrejiß;x;x;ßijerraw
1;553;6;aus2;warrejiß;safe;l;;8;15536aus2warrejiß;16warrejiß;x;x;ßijerraw
1;164;7;aus2;warrejiß;safe;l;;8;11647aus2warrejiß;17warrejiß;x;x;ßijerraw
3;32;1;aus2;ʒerrejiß;safe;l;;8;3321aus2ʒerrejiß;31ʒerrejiß;x;x;ßijerreʒ
2;398;14;aus2;ʒerrejiß;safe;l;;8;239814aus2ʒerrejiß;214ʒerrejiß;x;x;ßijerreʒ
2;245;5;aus2;dſejiß;safe;l;;6;22455aus2dſejiß;25dſejiß;x;x;ßijeſd
3;155;14;aus2;paliedſejiß;safe;l;;11;315514aus2paliedſejiß;314paliedſejiß;x;x;ßijeſdeilap
3;20;19;aus2;paliedſejiß;safe;l;;11;32019aus2paliedſejiß;319paliedſejiß;x;x;ßijeſdeilap
2;359;3;aus1;paliedſejiß;safe;l;;11;23593aus1paliedſejiß;23paliedſejiß;x;x;ßijeſdeilap
2;366;14;aus2;paliedſejiß;safe;l;;11;236614aus2paliedſejiß;214paliedſejiß;x;x;ßijeſdeilap
3;209;4;aus2;redſejiß;safe;l;;8;32094aus2redſejiß;34redſejiß;x;x;ßijeſder
3;119;22;aus1;redſejiß;safe;l;;8;311922aus1redſejiß;322redſejiß;x;x;ßijeſder
2;275;20;aus2;redſejiß;safe;l;;8;227520aus2redſejiß;220redſejiß;x;x;ßijeſder
2;277;5;aus2;titʒejiß;safe;l;;8;22775aus2titʒejiß;25titʒejiß;x;x;ßijeʒtit
2;322;20;aus2;titʒejiß;safe;l;;8;232220aus2titʒejiß;220titʒejiß;x;x;ßijeʒtit
3;134;4;aus2;aiß⸗ghahjiß;safe;l;;11;31344aus2aiß⸗ghahjiß;34aiß⸗ghahjiß;x;x;ßijhahg⸗ßia
2;324;4;aus2;kluſẜenahjiß;safe;l;;12;23244aus2kluſẜenahjiß;24kluſẜenahjiß;x;x;ßijhaneẜſulk
3;188;19;aus2;attſtahjiß;safe;l;;10;318819aus2attſtahjiß;319attſtahjiß;x;x;ßijhatſtta
3;18;15;aus2;attſtahjiß;safe;l;;10;31815aus2attſtahjiß;315attſtahjiß;x;x;ßijhatſtta
2;351;9;aus2;attſtahjiß;safe;l;;10;23519aus2attſtahjiß;29attſtahjiß;x;x;ßijhatſtta
2;372;23;aus2;attſtahjiß;safe;l;;10;237223aus2attſtahjiß;223attſtahjiß;x;x;ßijhatſtta
2;372;27;aus2;attſtahjiß;safe;l;;10;237227aus2attſtahjiß;227attſtahjiß;x;x;ßijhatſtta
2;359;26;aus2;wahjiß;safe;l;;6;235926aus2wahjiß;226wahjiß;x;x;ßijhaw
3;7;22;aus1;ißlehjiß;safe;l;;8;3722aus1ißlehjiß;322ißlehjiß;x;x;ßijhelßi
1;553;22;aus2;ißlehjiß;safe;l;;8;155322aus2ißlehjiß;122ißlehjiß;x;x;ßijhelßi
3;113;5;aus2;leetim⸗ißlehjiß;safe;l;;15;31135aus2leetim⸗ißlehjiß;35leetim⸗ißlehjiß;x;x;ßijhelßi⸗miteel
3;113;5;aus2;leetin⸗ißlehjiß;safe;l;;15;31135aus2leetin⸗ißlehjiß;35leetin⸗ißlehjiß;x;x;ßijhelßi⸗niteel
3;181;22;aus2;bijiß;safe;l;;5;318122aus2bijiß;322bijiß;x;x;ßijib
3;157;12;aus2;bijiß;safe;l;;5;315712aus2bijiß;312bijiß;x;x;ßijib
3;116;8;aus2;bijiß;safe;l;;5;31168aus2bijiß;38bijiß;x;x;ßijib
3;106;31;aus2;bijiß;safe;l;;5;310631aus2bijiß;331bijiß;x;x;ßijib
3;106;30;aus2;bijiß;safe;l;;5;310630aus2bijiß;330bijiß;x;x;ßijib
3;106;17;aus2;bijiß;safe;l;;5;310617aus2bijiß;317bijiß;x;x;ßijib
3;106;14;aus2;bijiß;safe;l;;5;310614aus2bijiß;314bijiß;x;x;ßijib
3;17;1;aus2;bijiß;safe;l;;5;3171aus2bijiß;31bijiß;x;x;ßijib
2;244;23;aus2;bijiß;safe;l;;5;224423aus2bijiß;223bijiß;x;x;ßijib
2;284;10;aus2;bijiß;safe;l;;5;228410aus2bijiß;210bijiß;x;x;ßijib
2;323;11;aus2;bijiß;safe;l;;5;232311aus2bijiß;211bijiß;x;x;ßijib
2;374;2;aus2;bijiß;safe;l;;5;23742aus2bijiß;22bijiß;x;x;ßijib
2;388;13;aus2;bijiß;safe;l;;5;238813aus2bijiß;213bijiß;x;x;ßijib
2;395;1;aus2;bijiß;safe;l;;5;23951aus2bijiß;21bijiß;x;x;ßijib
2;396;2;aus2;bijiß;safe;l;;5;23962aus2bijiß;22bijiß;x;x;ßijib
2;417;6;peri;bijiß;safe;l;;5;24176peribijiß;26bijiß;x;x;ßijib
2;417;10;peri;bijiß;safe;l;;5;241710peribijiß;210bijiß;x;x;ßijib
2;417;12;peri;bijiß;safe;l;;5;241712peribijiß;212bijiß;x;x;ßijib
2;418;3;peri;bijiß;safe;l;;5;24183peribijiß;23bijiß;x;x;ßijib
2;421;5;aus2;bijiß;safe;l;;5;24215aus2bijiß;25bijiß;x;x;ßijib
2;421;19;aus2;bijiß;safe;l;;5;242119aus2bijiß;219bijiß;x;x;ßijib
1;552;4;aus2;paradijiß;safe;l;;9;15524aus2paradijiß;14paradijiß;x;x;ßijidarap
2;314;5;aus2;paradijiß;safe;l;;9;23145aus2paradijiß;25paradijiß;x;x;ßijidarap
2;315;28;aus2;paradijiß;safe;l;;9;231528aus2paradijiß;228paradijiß;x;x;ßijidarap
2;349;23;aus2;paradijiß;safe;l;;9;234923aus2paradijiß;223paradijiß;x;x;ßijidarap
2;348;17;aus2;raddijiß;safe;l;;8;234817aus2raddijiß;217raddijiß;x;x;ßijiddar
2;371;18;aus2;raddijiß;safe;l;;8;237118aus2raddijiß;218raddijiß;x;x;ßijiddar
2;371;27;aus2;raddijiß;safe;l;;8;237127aus2raddijiß;227raddijiß;x;x;ßijiddar
2;371;28;aus2;raddijiß;safe;l;;8;237128aus2raddijiß;228raddijiß;x;x;ßijiddar
2;378;6;aus2;raddijiß;safe;l;;8;23786aus2raddijiß;26raddijiß;x;x;ßijiddar
2;397;1;aus2;raddijiß;safe;l;;8;23971aus2raddijiß;21raddijiß;x;x;ßijiddar
2;400;4;aus2;raddijiß;safe;l;;8;24004aus2raddijiß;24raddijiß;x;x;ßijiddar
2;277;5;aus2;parahdijiß;safe;l;;10;22775aus2parahdijiß;25parahdijiß;x;x;ßijidharap
2;376;30;aus2;parahdijiß;safe;l;;10;237630aus2parahdijiß;230parahdijiß;x;x;ßijidharap
3;105;20;aus2;ẜwaidijiß;safe;l;;9;310520aus2ẜwaidijiß;320ẜwaidijiß;x;x;ßijidiawẜ
3;187;28;aus2;peepilldijiß;safe;l;;12;318728aus2peepilldijiß;328peepilldijiß;x;x;ßijidllipeep
3;186;11;aus2;peepilldijiß;safe;l;;12;318611aus2peepilldijiß;311peepilldijiß;x;x;ßijidllipeep
2;339;16;aus2;peepilldijiß;safe;l;;12;233916aus2peepilldijiß;216peepilldijiß;x;x;ßijidllipeep
3;151;26;aus2;baudijiß;safe;l;;8;315126aus2baudijiß;326baudijiß;x;x;ßijiduab
3;139;12;peri;baudijiß;safe;l;;8;313912peribaudijiß;312baudijiß;x;x;ßijiduab
2;276;7;aus2;baudijiß;safe;l;;8;22767aus2baudijiß;27baudijiß;x;x;ßijiduab
3;200;15;aus2;ẜohlijiß;safe;l;;8;320015aus2ẜohlijiß;315ẜohlijiß;x;x;ßijilhoẜ
3;187;26;aus2;ẜohlijiß;safe;l;;8;318726aus2ẜohlijiß;326ẜohlijiß;x;x;ßijilhoẜ
3;186;7;aus2;ẜohlijiß;safe;l;;8;31867aus2ẜohlijiß;37ẜohlijiß;x;x;ßijilhoẜ
3;186;3;aus2;ẜohlijiß;safe;l;;8;31863aus2ẜohlijiß;33ẜohlijiß;x;x;ßijilhoẜ
3;92;17;aus2;ẜohlijiß;safe;l;;8;39217aus2ẜohlijiß;317ẜohlijiß;x;x;ßijilhoẜ
2;245;26;aus2;ẜohlijiß;safe;l;;8;224526aus2ẜohlijiß;226ẜohlijiß;x;x;ßijilhoẜ
2;397;5;aus2;ẜohlijiß;safe;l;;8;23975aus2ẜohlijiß;25ẜohlijiß;x;x;ßijilhoẜ
1;554;2;aus2;dallijiß;safe;l;;8;15542aus2dallijiß;12dallijiß;x;x;ßijillad
3;201;2;aus2;nijiß;safe;l;;5;32012aus2nijiß;32nijiß;x;x;ßijin
3;47;8;aus2;nijiß;safe;l;;5;3478aus2nijiß;38nijiß;x;x;ßijin
1;554;13;aus2;nijiß;safe;l;;5;155413aus2nijiß;113nijiß;x;x;ßijin
2;276;30;aus2;nijiß;safe;l;;5;227630aus2nijiß;230nijiß;x;x;ßijin
3;173;14;aus2;ʒeenijiß;safe;l;;8;317314aus2ʒeenijiß;314ʒeenijiß;x;x;ßijineeʒ
2;347;4;aus1;ʒeenijiß;safe;l;;8;23474aus1ʒeenijiß;24ʒeenijiß;x;x;ßijineeʒ
3;174;23;aus2;pellnijiß;safe;l;;9;317423aus2pellnijiß;323pellnijiß;x;x;ßijinllep
3;123;11;aus2;pellnijiß;safe;l;;9;312311aus2pellnijiß;311pellnijiß;x;x;ßijinllep
3;106;8;aus2;pellnijiß;safe;l;;9;31068aus2pellnijiß;38pellnijiß;x;x;ßijinllep
3;47;6;aus2;pellnijiß;safe;l;;9;3476aus2pellnijiß;36pellnijiß;x;x;ßijinllep
3;30;1;aus2;pellnijiß;safe;l;;9;3301aus2pellnijiß;31pellnijiß;x;x;ßijinllep
2;386;2;aus2;pellnijiß;safe;l;;9;23862aus2pellnijiß;22pellnijiß;x;x;ßijinllep
2;423;16;aus2;pellnijiß;safe;l;;9;242316aus2pellnijiß;216pellnijiß;x;x;ßijinllep
3;151;1;aus2;nopellnijiß;safe;l;;11;31511aus2nopellnijiß;31nopellnijiß;x;x;ßijinllepon
3;114;5;aus2;nopellnijiß;safe;l;;11;31145aus2nopellnijiß;35nopellnijiß;x;x;ßijinllepon
3;106;7;aus2;nopellnijiß;safe;l;;11;31067aus2nopellnijiß;37nopellnijiß;x;x;ßijinllepon
3;97;25;aus2;nopellnijiß;safe;l;;11;39725aus2nopellnijiß;325nopellnijiß;x;x;ßijinllepon
3;37;11;peri;nopellnijiß;safe;l;;11;33711perinopellnijiß;311nopellnijiß;x;x;ßijinllepon
1;555;3;aus2;nopellnijiß;safe;l;;11;15553aus2nopellnijiß;13nopellnijiß;x;x;ßijinllepon
2;339;24;aus2;nopellnijiß;safe;l;;11;233924aus2nopellnijiß;224nopellnijiß;x;x;ßijinllepon
2;342;3;aus2;nopellnijiß;safe;l;;11;23423aus2nopellnijiß;23nopellnijiß;x;x;ßijinllepon
2;352;9;aus2;nopellnijiß;safe;l;;11;23529aus2nopellnijiß;29nopellnijiß;x;x;ßijinllepon
2;422;2;aus2;nopellnijiß;safe;l;;11;24222aus2nopellnijiß;22nopellnijiß;x;x;ßijinllepon
2;426;21;aus2;nopellnijiß;safe;l;;11;242621aus2nopellnijiß;221nopellnijiß;x;x;ßijinllepon
3;11;12;aus2;nomannijiß;safe;l;;10;31112aus2nomannijiß;312nomannijiß;x;x;ßijinnamon
3;172;11;aus2;rijiß;safe;l;;5;317211aus2rijiß;311rijiß;x;x;ßijir
3;123;8;aus2;rijiß;safe;l;;5;31238aus2rijiß;38rijiß;x;x;ßijir
3;187;29;aus2;aprijiß;safe;l;;7;318729aus2aprijiß;329aprijiß;x;x;ßijirpa
3;187;23;aus2;darrijiß;safe;l;;8;318723aus2darrijiß;323darrijiß;x;x;ßijirrad
3;187;6;aus2;darrijiß;safe;l;;8;31876aus2darrijiß;36darrijiß;x;x;ßijirrad
3;156;2;aus2;darrijiß;safe;l;;8;31562aus2darrijiß;32darrijiß;x;x;ßijirrad
3;149;11;aus2;darrijiß;safe;l;;8;314911aus2darrijiß;311darrijiß;x;x;ßijirrad
3;149;4;aus2;darrijiß;safe;l;;8;31494aus2darrijiß;34darrijiß;x;x;ßijirrad
3;142;11;peri;darrijiß;safe;l;;8;314211peridarrijiß;311darrijiß;x;x;ßijirrad
3;134;24;aus2;darrijiß;safe;l;;8;313424aus2darrijiß;324darrijiß;x;x;ßijirrad
3;124;2;aus2;darrijiß;safe;l;;8;31242aus2darrijiß;32darrijiß;x;x;ßijirrad
3;118;19;peri;darrijiß;safe;l;;8;311819peridarrijiß;319darrijiß;x;x;ßijirrad
3;117;13;aus2;darrijiß;safe;l;;8;311713aus2darrijiß;313darrijiß;x;x;ßijirrad
3;113;23;aus2;darrijiß;safe;l;;8;311323aus2darrijiß;323darrijiß;x;x;ßijirrad
3;93;10;aus2;darrijiß;safe;l;;8;39310aus2darrijiß;310darrijiß;x;x;ßijirrad
3;81;7;peri;darrijiß;safe;l;;8;3817peridarrijiß;37darrijiß;x;x;ßijirrad
3;79;11;peri;darrijiß;safe;l;;8;37911peridarrijiß;311darrijiß;x;x;ßijirrad
3;20;23;aus2;darrijiß;safe;l;;8;32023aus2darrijiß;323darrijiß;x;x;ßijirrad
3;20;11;aus2;darrijiß;safe;l;;8;32011aus2darrijiß;311darrijiß;x;x;ßijirrad
3;12;25;aus2;darrijiß;safe;l;;8;31225aus2darrijiß;325darrijiß;x;x;ßijirrad
3;8;11;aus1;darrijiß;safe;l;;8;3811aus1darrijiß;311darrijiß;x;x;ßijirrad
2;248;19;aus2;darrijiß;safe;l;;8;224819aus2darrijiß;219darrijiß;x;x;ßijirrad
1;555;2;aus2;darrijiß;safe;l;;8;15552aus2darrijiß;12darrijiß;x;x;ßijirrad
1;551;23;aus2;darrijiß;safe;l;;8;155123aus2darrijiß;123darrijiß;x;x;ßijirrad
1;551;4;aus2;darrijiß;safe;l;;8;15514aus2darrijiß;14darrijiß;x;x;ßijirrad
1;551;1;aus2;darrijiß;safe;l;;8;15511aus2darrijiß;11darrijiß;x;x;ßijirrad
2;347;19;aus1;darrijiß;safe;l;;8;234719aus1darrijiß;219darrijiß;x;x;ßijirrad
2;307;21;intr;darrijiß;safe;l;;8;230721intrdarrijiß;221darrijiß;x;x;ßijirrad
2;314;18;aus2;darrijiß;safe;l;;8;231418aus2darrijiß;218darrijiß;x;x;ßijirrad
2;339;16;aus2;darrijiß;safe;l;;8;233916aus2darrijiß;216darrijiß;x;x;ßijirrad
2;347;14;aus1;darrijiß;safe;l;;8;234714aus1darrijiß;214darrijiß;x;x;ßijirrad
2;366;15;aus2;darrijiß;safe;l;;8;236615aus2darrijiß;215darrijiß;x;x;ßijirrad
2;370;8;aus1;darrijiß;safe;l;;8;23708aus1darrijiß;28darrijiß;x;x;ßijirrad
2;372;17;aus2;darrijiß;safe;l;;8;237217aus2darrijiß;217darrijiß;x;x;ßijirrad
2;372;28;aus2;darrijiß;safe;l;;8;237228aus2darrijiß;228darrijiß;x;x;ßijirrad
2;376;1;aus2;darrijiß;safe;l;;8;23761aus2darrijiß;21darrijiß;x;x;ßijirrad
2;376;15;aus2;darrijiß;safe;l;;8;237615aus2darrijiß;215darrijiß;x;x;ßijirrad
2;377;26;aus2;darrijiß;safe;l;;8;237726aus2darrijiß;226darrijiß;x;x;ßijirrad
2;378;4;aus2;darrijiß;safe;l;;8;23784aus2darrijiß;24darrijiß;x;x;ßijirrad
2;391;2;intr;darrijiß;safe;l;;8;23912intrdarrijiß;22darrijiß;x;x;ßijirrad
2;397;4;aus2;darrijiß;safe;l;;8;23974aus2darrijiß;24darrijiß;x;x;ßijirrad
2;414;29;aus2;darrijiß;safe;l;;8;241429aus2darrijiß;229darrijiß;x;x;ßijirrad
1;552;16;aus2;ẜaplohẜijiß;safe;l;;11;155216aus2ẜaplohẜijiß;116ẜaplohẜijiß;x;x;ßijiẜholpaẜ
3;119;22;aus1;laſẜijiß;safe;l;;8;311922aus1laſẜijiß;322laſẜijiß;x;x;ßijiẜſal
2;395;17;aus2;ẜaplohſẜijiß;safe;l;;12;239517aus2ẜaplohſẜijiß;217ẜaplohſẜijiß;x;x;ßijiẜſholpaẜ
2;352;28;aus2;ẜataiſẜijiß;safe;l;;11;235228aus2ẜataiſẜijiß;228ẜataiſẜijiß;x;x;ßijiẜſiataẜ
3;135;5;aus2;ißtaiſẜijiß;safe;l;;11;31355aus2ißtaiſẜijiß;35ißtaiſẜijiß;x;x;ßijiẜſiatßi
3;173;14;aus2;klauſẜijiß;safe;l;;10;317314aus2klauſẜijiß;314klauſẜijiß;x;x;ßijiẜſualk
2;359;2;aus1;paklauſẜijiß;safe;l;;12;23592aus1paklauſẜijiß;22paklauſẜijiß;x;x;ßijiẜſualkap
3;208;24;aus2;ẜalauſijiß;safe;l;;10;320824aus2ẜalauſijiß;324ẜalauſijiß;x;x;ßijiſualaẜ
3;117;3;aus2;ẜuhtijiß;safe;l;;8;31173aus2ẜuhtijiß;33ẜuhtijiß;x;x;ßijithuẜ
3;116;31;aus2;ẜuhtijiß;safe;l;;8;311631aus2ẜuhtijiß;331ẜuhtijiß;x;x;ßijithuẜ
2;245;15;aus2;ẜuhtijiß;safe;l;;8;224515aus2ẜuhtijiß;215ẜuhtijiß;x;x;ßijithuẜ
1;554;10;aus2;ẜuhtijiß;safe;l;;8;155410aus2ẜuhtijiß;110ẜuhtijiß;x;x;ßijithuẜ
2;419;6;aus1;ẜuhtijiß;safe;l;;8;24196aus1ẜuhtijiß;26ẜuhtijiß;x;x;ßijithuẜ
2;353;12;aus2;iß⸗ẜuhtijiß;safe;l;;11;235312aus2iß⸗ẜuhtijiß;212iß⸗ẜuhtijiß;x;x;ßijithuẜ⸗ßi
2;313;27;aus2;noẜuhtijiß;safe;l;;10;231327aus2noẜuhtijiß;227noẜuhtijiß;x;x;ßijithuẜon
2;408;17;aus2;ſtaſtijiß;safe;l;;9;240817aus2ſtaſtijiß;217ſtaſtijiß;x;x;ßijitſatſ
3;113;27;aus2;peſtijiß;safe;l;;8;311327aus2peſtijiß;327peſtijiß;x;x;ßijitſep
3;16;32;aus2;peſtijiß;safe;l;;8;31632aus2peſtijiß;332peſtijiß;x;x;ßijitſep
2;249;18;aus2;peſtijiß;safe;l;;8;224918aus2peſtijiß;218peſtijiß;x;x;ßijitſep
2;274;17;aus2;peſtijiß;safe;l;;8;227417aus2peſtijiß;217peſtijiß;x;x;ßijitſep
2;326;27;aus2;atpeſtijiß;safe;l;;10;232627aus2atpeſtijiß;227atpeſtijiß;x;x;ßijitſepta
3;114;2;aus2;attpeſtijiß;safe;l;;11;31142aus2attpeſtijiß;32attpeſtijiß;x;x;ßijitſeptta
3;8;9;aus1;attpeſtijiß;safe;l;;11;389aus1attpeſtijiß;39attpeſtijiß;x;x;ßijitſeptta
2;351;9;aus2;ißpoſtijiß;safe;l;;10;23519aus2ißpoſtijiß;29ißpoſtijiß;x;x;ßijitſopßi
3;123;27;aus2;iß⸗krattijiß;safe;l;;12;312327aus2iß⸗krattijiß;327iß⸗krattijiß;x;x;ßijittark⸗ßi
3;119;2;peri;ißkrattijiß;safe;l;;11;31192periißkrattijiß;32ißkrattijiß;x;x;ßijittarkßi
3;79;16;peri;ißkrattijiß;safe;l;;11;37916periißkrattijiß;316ißkrattijiß;x;x;ßijittarkßi
3;140;9;peri;raxtijiß;safe;l;;8;31409periraxtijiß;39raxtijiß;x;x;ßijitxar
3;140;9;peri;raxtijiß;safe;l;;8;31409periraxtijiß;39raxtijiß;x;x;ßijitxar
3;105;26;aus2;apraxtijiß;safe;l;;10;310526aus2apraxtijiß;326apraxtijiß;x;x;ßijitxarpa
3;104;30;aus2;apraxtijiß;safe;l;;10;310430aus2apraxtijiß;330apraxtijiß;x;x;ßijitxarpa
3;18;17;aus2;usraxtijiß;safe;l;;10;31817aus2usraxtijiß;317usraxtijiß;x;x;ßijitxarsu
2;277;23;aus2;dabbuijiß;safe;l;;9;227723aus2dabbuijiß;223dabbuijiß;x;x;ßijiubbad
3;7;1;peri;mahʒijiß;safe;l;;8;371perimahʒijiß;31mahʒijiß;x;x;ßijiʒham
2;322;3;aus2;mahʒijiß;safe;l;;8;23223aus2mahʒijiß;23mahʒijiß;x;x;ßijiʒham
2;419;18;aus1;mahʒijiß;safe;l;;8;241918aus1mahʒijiß;218mahʒijiß;x;x;ßijiʒham
1;136;21;aus2;pahrmahʒijiß;safe;l;;12;113621aus2pahrmahʒijiß;121pahrmahʒijiß;x;x;ßijiʒhamrhap
1;190;23;aus2;pahrmahʒijiß;safe;l;;12;119023aus2pahrmahʒijiß;123pahrmahʒijiß;x;x;ßijiʒhamrhap
3;202;3;aus2;ẜatʒijiß;safe;l;;8;32023aus2ẜatʒijiß;33ẜatʒijiß;x;x;ßijiʒtaẜ
3;201;6;aus2;ẜatʒijiß;safe;l;;8;32016aus2ẜatʒijiß;36ẜatʒijiß;x;x;ßijiʒtaẜ
3;180;18;aus2;ẜatʒijiß;safe;l;;8;318018aus2ẜatʒijiß;318ẜatʒijiß;x;x;ßijiʒtaẜ
3;143;19;peri;ẜatʒijiß;safe;l;;8;314319periẜatʒijiß;319ẜatʒijiß;x;x;ßijiʒtaẜ
3;140;7;peri;ẜatʒijiß;safe;l;;8;31407periẜatʒijiß;37ẜatʒijiß;x;x;ßijiʒtaẜ
3;135;13;aus2;ẜatʒijiß;safe;l;;8;313513aus2ẜatʒijiß;313ẜatʒijiß;x;x;ßijiʒtaẜ
3;106;4;aus2;ẜatʒijiß;safe;l;;8;31064aus2ẜatʒijiß;34ẜatʒijiß;x;x;ßijiʒtaẜ
3;104;27;aus2;ẜatʒijiß;safe;l;;8;310427aus2ẜatʒijiß;327ẜatʒijiß;x;x;ßijiʒtaẜ
3;60;24;peri;ẜatʒijiß;safe;l;;8;36024periẜatʒijiß;324ẜatʒijiß;x;x;ßijiʒtaẜ
3;35;26;peri;ẜatʒijiß;safe;l;;8;33526periẜatʒijiß;326ẜatʒijiß;x;x;ßijiʒtaẜ
3;18;18;aus2;ẜatʒijiß;safe;l;;8;31818aus2ẜatʒijiß;318ẜatʒijiß;x;x;ßijiʒtaẜ
3;14;27;aus2;ẜatʒijiß;safe;l;;8;31427aus2ẜatʒijiß;327ẜatʒijiß;x;x;ßijiʒtaẜ
3;11;23;aus2;ẜatʒijiß;safe;l;;8;31123aus2ẜatʒijiß;323ẜatʒijiß;x;x;ßijiʒtaẜ
3;5;20;peri;ẜatʒijiß;safe;l;;8;3520periẜatʒijiß;320ẜatʒijiß;x;x;ßijiʒtaẜ
1;435;21;aus1;ẜatʒijiß;safe;l;;8;143521aus1ẜatʒijiß;121ẜatʒijiß;x;x;ßijiʒtaẜ
1;527;5;peri;ẜatʒijiß;safe;l;;8;15275periẜatʒijiß;15ẜatʒijiß;x;x;ßijiʒtaẜ
2;347;28;aus2;ẜatʒijiß;safe;l;;8;234728aus2ẜatʒijiß;228ẜatʒijiß;x;x;ßijiʒtaẜ
2;352;10;aus2;ẜatʒijiß;safe;l;;8;235210aus2ẜatʒijiß;210ẜatʒijiß;x;x;ßijiʒtaẜ
2;406;13;peri;ẜatʒijiß;safe;l;;8;240613periẜatʒijiß;213ẜatʒijiß;x;x;ßijiʒtaẜ
2;408;17;aus2;ẜatʒijiß;safe;l;;8;240817aus2ẜatʒijiß;217ẜatʒijiß;x;x;ßijiʒtaẜ
2;408;21;aus2;ẜatʒijiß;safe;l;;8;240821aus2ẜatʒijiß;221ẜatʒijiß;x;x;ßijiʒtaẜ
2;384;11;aus2;ghlabbojiß;safe;l;;10;238411aus2ghlabbojiß;211ghlabbojiß;x;x;ßijobbalhg
3;200;25;aus2;kojiß;safe;l;;5;320025aus2kojiß;325kojiß;x;x;ßijok
3;179;3;aus2;kojiß;safe;l;;5;31793aus2kojiß;33kojiß;x;x;ßijok
2;275;14;aus2;kojiß;safe;l;;5;227514aus2kojiß;214kojiß;x;x;ßijok
2;322;24;aus2;kojiß;safe;l;;5;232224aus2kojiß;224kojiß;x;x;ßijok
3;179;21;aus2;ghraͤkojiß;safe;l;;10;317921aus2ghraͤkojiß;321ghraͤkojiß;x;x;ßijokͤarhg
3;90;21;aus2;ghraͤkojiß;safe;l;;10;39021aus2ghraͤkojiß;321ghraͤkojiß;x;x;ßijokͤarhg
3;72;8;aus1;ghraͤkojiß;safe;l;;10;3728aus1ghraͤkojiß;38ghraͤkojiß;x;x;ßijokͤarhg
3;9;27;aus2;ghraͤkojiß;safe;l;;10;3927aus2ghraͤkojiß;327ghraͤkojiß;x;x;ßijokͤarhg
2;324;29;aus2;ghraͤkojiß;safe;l;;10;232429aus2ghraͤkojiß;229ghraͤkojiß;x;x;ßijokͤarhg
2;339;26;aus2;ghraͤkojiß;safe;l;;10;233926aus2ghraͤkojiß;226ghraͤkojiß;x;x;ßijokͤarhg
2;375;28;aus2;ghraͤkojiß;safe;l;;10;237528aus2ghraͤkojiß;228ghraͤkojiß;x;x;ßijokͤarhg
2;395;10;aus2;ghraͤkojiß;safe;l;;10;239510aus2ghraͤkojiß;210ghraͤkojiß;x;x;ßijokͤarhg
2;322;24;aus2;ghrehkojiß;safe;l;;10;232224aus2ghrehkojiß;224ghrehkojiß;x;x;ßijokherhg
2;347;6;aus1;eeſchkinkojiß;safe;l;;13;23476aus1eeſchkinkojiß;26eeſchkinkojiß;x;x;ßijoknikhcſee
3;117;10;aus2;eeẜchkinkojiß;safe;l;;13;311710aus2eeẜchkinkojiß;310eeẜchkinkojiß;x;x;ßijoknikhcẜee
3;117;8;aus2;ſchaͤlojiß;safe;l;;10;31178aus2ſchaͤlojiß;38ſchaͤlojiß;x;x;ßijolͤahcſ
2;375;13;aus2;apmaͤlojiß;safe;l;;10;237513aus2apmaͤlojiß;213apmaͤlojiß;x;x;ßijolͤampa
2;327;19;aus2;mielojiß;safe;l;;8;232719aus2mielojiß;219mielojiß;x;x;ßijoleim
2;327;21;aus2;mielojiß;safe;l;;8;232721aus2mielojiß;221mielojiß;x;x;ßijoleim
3;173;23;aus2;mieļojiß;safe;l;;8;317323aus2mieļojiß;323mieļojiß;x;x;ßijoļeim
3;166;25;aus1;mieļojiß;safe;l;;8;316625aus1mieļojiß;325mieļojiß;x;x;ßijoļeim
3;117;5;aus2;mieļojiß;safe;l;;8;31175aus2mieļojiß;35mieļojiß;x;x;ßijoļeim
1;551;14;aus2;mieļojiß;safe;l;;8;155114aus2mieļojiß;114mieļojiß;x;x;ßijoļeim
1;544;8;aus2;mieļojiß;safe;l;;8;15448aus2mieļojiß;18mieļojiß;x;x;ßijoļeim
2;276;30;aus2;mieļojiß;safe;l;;8;227630aus2mieļojiß;230mieļojiß;x;x;ßijoļeim
2;347;4;aus1;mieļojiß;safe;l;;8;23474aus1mieļojiß;24mieļojiß;x;x;ßijoļeim
1;553;14;aus2;ſchaͤhlojiß;safe;l;;11;155314aus2ſchaͤhlojiß;114ſchaͤhlojiß;x;x;ßijolhͤahcſ
2;413;16;aus2;ſchaͤhlojiß;safe;l;;11;241316aus2ſchaͤhlojiß;216ſchaͤhlojiß;x;x;ßijolhͤahcſ
2;375;12;aus2;maͤhlojiß;safe;l;;9;237512aus2maͤhlojiß;212maͤhlojiß;x;x;ßijolhͤam
2;425;13;aus2;eeſiemojiß;safe;l;;10;242513aus2eeſiemojiß;213eeſiemojiß;x;x;ßijomeiſee
3;37;7;peri;ſaimojiß;safe;l;;8;3377periſaimojiß;37ſaimojiß;x;x;ßijomiaſ
2;395;23;aus2;ẜaͤmmojiß;safe;l;;9;239523aus2ẜaͤmmojiß;223ẜaͤmmojiß;x;x;ßijommͤaẜ
3;77;9;aus1;Kallpojiß;safe;u;;9;3779aus1Kallpojiß;39Kallpojiß;x;x;ßijopllaK
2;166;21;aus2;Kallpojiß;safe;u;;9;216621aus2Kallpojiß;221Kallpojiß;x;x;ßijopllaK
3;107;12;aus2;dſiewojiß;safe;l;;9;310712aus2dſiewojiß;312dſiewojiß;x;x;ßijoweiſd
3;106;19;aus2;dſiewojiß;safe;l;;9;310619aus2dſiewojiß;319dſiewojiß;x;x;ßijoweiſd
3;18;20;aus2;dſiewojiß;safe;l;;9;31820aus2dſiewojiß;320dſiewojiß;x;x;ßijoweiſd
2;231;11;aus2;dſiewojiß;safe;l;;9;223111aus2dſiewojiß;211dſiewojiß;x;x;ßijoweiſd
2;376;29;aus2;dſiewojiß;safe;l;;9;237629aus2dſiewojiß;229dſiewojiß;x;x;ßijoweiſd
3;150;23;aus2;nodſiewojiß;safe;l;;11;315023aus2nodſiewojiß;323nodſiewojiß;x;x;ßijoweiſdon
3;17;28;aus2;peedſiwojiß;safe;l;;11;31728aus2peedſiwojiß;328peedſiwojiß;x;x;ßijowiſdeep
3;199;14;aus2;bujiß;safe;l;;5;319914aus2bujiß;314bujiß;x;x;ßijub
3;116;6;aus2;dabbujiß;safe;l;;8;31166aus2dabbujiß;36dabbujiß;x;x;ßijubbad
3;64;32;aus1;dabbujiß;safe;l;;8;36432aus1dabbujiß;332dabbujiß;x;x;ßijubbad
2;355;24;aus2;dabbujiß;safe;l;;8;235524aus2dabbujiß;224dabbujiß;x;x;ßijubbad
2;421;20;aus2;dabbujiß;safe;l;;8;242120aus2dabbujiß;220dabbujiß;x;x;ßijubbad
3;5;9;peri;ẜatʒjiß;safe;l;;7;359periẜatʒjiß;39ẜatʒjiß;x;x;ßijʒtaẜ
3;121;1;aus2;peewieliß;unsafe;l;;9;31211aus2peewieliß;31peewieliß;x;x;ßileiweep
3;120;24;aus1;peewieliß;unsafe;l;;9;312024aus1peewieliß;324peewieliß;x;x;ßileiweep
2;230;23;aus2;peewieliß;unsafe;l;;9;223023aus2peewieliß;223peewieliß;x;x;ßileiweep
2;375;11;aus2;peewieliß;unsafe;l;;9;237511aus2peewieliß;211peewieliß;x;x;ßileiweep
3;39;24;aus2;ʒehliß;unsafe;l;;6;33924aus2ʒehliß;324ʒehliß;x;x;ßilheʒ
1;382;2;aus1;ʒehliß;unsafe;l;;6;13822aus1ʒehliß;12ʒehliß;x;x;ßilheʒ
2;350;1;aus2;ʒehliß;unsafe;l;;6;23501aus2ʒehliß;21ʒehliß;x;x;ßilheʒ
2;350;2;aus2;ʒehliß;unsafe;l;;6;23502aus2ʒehliß;22ʒehliß;x;x;ßilheʒ
2;385;23;aus2;ʒehliß;unsafe;l;;6;238523aus2ʒehliß;223ʒehliß;x;x;ßilheʒ
2;401;29;aus2;ʒehliß;unsafe;l;;6;240129aus2ʒehliß;229ʒehliß;x;x;ßilheʒ
2;410;11;aus2;ʒehliß;unsafe;l;;6;241011aus2ʒehliß;211ʒehliß;x;x;ßilheʒ
2;383;19;aus2;eeʒehliß;unsafe;l;;8;238319aus2eeʒehliß;219eeʒehliß;x;x;ßilheʒee
2;384;16;aus2;eeʒehliß;unsafe;l;;8;238416aus2eeʒehliß;216eeʒehliß;x;x;ßilheʒee
2;410;4;aus2;eeʒehliß;unsafe;l;;8;24104aus2eeʒehliß;24eeʒehliß;x;x;ßilheʒee
2;242;20;aus2;ẜakuhliß;unsafe;l;;8;224220aus2ẜakuhliß;220ẜakuhliß;x;x;ßilhukaẜ
2;349;31;aus2;Pamaͤßliß;unsafe;u;;9;234931aus2Pamaͤßliß;231Pamaͤßliß;x;x;ßilßͤamaP
2;339;17;aus2;pahr⸗jehmiß;unsafe;l;;11;233917aus2pahr⸗jehmiß;217pahr⸗jehmiß;x;x;ßimhej⸗rhap
2;275;31;aus2;ſkummiß;unsafe;l;;7;227531aus2ſkummiß;231ſkummiß;x;x;ßimmukſ
2;275;12;aus2;noſkummiß;unsafe;l;;9;227512aus2noſkummiß;212noſkummiß;x;x;ßimmukſon
3;75;12;aus1;Betruͤbniß;unsafe;u;;10;37512aus1Betruͤbniß;312Betruͤbniß;x;x;ßinbͤurteB
1;118;20;aus2;Spanniß;unsafe;u;;7;111820aus2Spanniß;120Spanniß;x;x;ßinnapS
1;181;20;aus2;trinniß;unsafe;l;;7;118120aus2trinniß;120trinniß;x;x;ßinnirt
2;231;1;aus2;laͤpniß;unsafe;l;;7;22311aus2laͤpniß;21laͤpniß;x;x;ßinpͤal
2;155;4;aus2;laͤpniß;unsafe;l;;7;21554aus2laͤpniß;24laͤpniß;x;x;ßinpͤal
2;353;7;aus2;laipniß;unsafe;l;;7;23537aus2laipniß;27laipniß;x;x;ßinpial
2;425;7;aus2;laͤppniß;unsafe;l;;8;24257aus2laͤppniß;27laͤppniß;x;x;ßinppͤal
2;326;2;aus2;Beßkauniß;unsafe;u;;9;23262aus2Beßkauniß;22Beßkauniß;x;x;ßinuakßeB
2;230;27;aus2;pahrkapiß;unsafe;l;;9;223027aus2pahrkapiß;227pahrkapiß;x;x;ßipakrhap
2;230;17;aus2;pahrkapiß;unsafe;l;;9;223017aus2pahrkapiß;217pahrkapiß;x;x;ßipakrhap
2;274;25;aus2;apkampiß;unsafe;l;;8;227425aus2apkampiß;225apkampiß;x;x;ßipmakpa
2;376;19;aus2;aißkampiß;unsafe;l;;9;237619aus2aißkampiß;219aißkampiß;x;x;ßipmakßia
2;249;5;aus2;tappiß;unsafe;l;;6;22495aus2tappiß;25tappiß;x;x;ßippat
2;339;20;aus2;tappiß;unsafe;l;;6;233920aus2tappiß;220tappiß;x;x;ßippat
2;339;25;aus2;tappiß;unsafe;l;;6;233925aus2tappiß;225tappiß;x;x;ßippat
2;398;13;aus2;tappiß;unsafe;l;;6;239813aus2tappiß;213tappiß;x;x;ßippat
2;350;20;aus2;ſkaidriß;unsafe;l;;8;235020aus2ſkaidriß;220ſkaidriß;x;x;ßirdiakſ
2;393;21;aus1;aißkahriß;unsafe;l;;9;239321aus1aißkahriß;221aißkahriß;x;x;ßirhakßia
2;249;1;aus2;eeduhriß;unsafe;l;;8;22491aus2eeduhriß;21eeduhriß;x;x;ßirhudee
3;116;9;aus2;mirriß;unsafe;l;;6;31169aus2mirriß;39mirriß;x;x;ßirrim
2;278;3;aus2;Nomirriß;unsafe;u;;8;22783aus2Nomirriß;23Nomirriß;x;x;ßirrimoN
3;18;8;aus2;peekuſẜiß;unsafe;l;;9;3188aus2peekuſẜiß;38peekuſẜiß;x;x;ßiẜſukeep
2;246;10;aus2;peekuſẜiß;unsafe;l;;9;224610aus2peekuſẜiß;210peekuſẜiß;x;x;ßiẜſukeep
3;184;24;aus2;ʒeetiß;unsafe;l;?;6;318424aus2ʒeetiß;324ʒeetiß;x;x;ßiteeʒ
3;157;28;aus2;ʒeetiß;unsafe;l;?;6;315728aus2ʒeetiß;328ʒeetiß;x;x;ßiteeʒ
3;51;19;aus2;ʒeetiß;unsafe;l;?;6;35119aus2ʒeetiß;319ʒeetiß;x;x;ßiteeʒ
3;17;17;aus2;ʒeetiß;unsafe;l;?;6;31717aus2ʒeetiß;317ʒeetiß;x;x;ßiteeʒ
3;17;10;aus2;ʒeetiß;unsafe;l;?;6;31710aus2ʒeetiß;310ʒeetiß;x;x;ßiteeʒ
3;12;14;aus2;ʒeetiß;unsafe;l;?;6;31214aus2ʒeetiß;314ʒeetiß;x;x;ßiteeʒ
1;268;13;aus1;ʒeetiß;unsafe;l;?;6;126813aus1ʒeetiß;113ʒeetiß;x;x;ßiteeʒ
1;91;32;aus2;ʒeetiß;unsafe;l;?;6;19132aus2ʒeetiß;132ʒeetiß;x;x;ßiteeʒ
2;339;20;aus2;ʒeetiß;unsafe;l;?;6;233920aus2ʒeetiß;220ʒeetiß;x;x;ßiteeʒ
2;408;19;aus2;ʒeetiß;unsafe;l;?;6;240819aus2ʒeetiß;219ʒeetiß;x;x;ßiteeʒ
1;555;2;aus2;ʒeetiß;unsafe;l;?;;15552aus2ʒeetiß;12ʒeetiß;x;x;ßiteeʒ
3;187;6;aus2;ʒeetiß;unsafe;l;?;;31876aus2ʒeetiß;36ʒeetiß;x;x;ßiteeʒ
2;69;14;aus2;ʒeetiß;unsafe;l;?;;26914aus2ʒeetiß;214ʒeetiß;x;x;ßiteeʒ
3;183;20;aus2;ißkalltiß;unsafe;l;;9;318320aus2ißkalltiß;320ißkalltiß;x;x;ßitllakßi
3;174;1;aus2;ißkalltiß;unsafe;l;;9;31741aus2ißkalltiß;31ißkalltiß;x;x;ßitllakßi
1;301;25;aus2;prattiß;unsafe;l;;7;130125aus2prattiß;125prattiß;x;x;ßittarp
3;215;15;aus2;ee⸗mettiß;unsafe;l;;9;321515aus2ee⸗mettiß;315ee⸗mettiß;x;x;ßittem⸗ee
3;74;27;aus1;pamettiß;unsafe;l;;8;37427aus1pamettiß;327pamettiß;x;x;ßittemap
2;374;14;aus2;pamettiß;unsafe;l;;8;237414aus2pamettiß;214pamettiß;x;x;ßittemap
3;215;9;aus2;usmettiß;unsafe;l;;8;32159aus2usmettiß;39usmettiß;x;x;ßittemsu
2;376;5;aus2;usmettiß;unsafe;l;;8;23765aus2usmettiß;25usmettiß;x;x;ßittemsu
2;246;21;aus2;ſkittiß;unsafe;l;;7;224621aus2ſkittiß;221ſkittiß;x;x;ßittikſ
2;297;9;aus1;ee⸗krittiß;unsafe;l;;10;22979aus1ee⸗krittiß;29ee⸗krittiß;x;x;ßittirk⸗ee
1;491;6;aus2;ẜchautiß;unsafe;l;;8;14916aus2ẜchautiß;16ẜchautiß;x;x;ßituahcẜ
2;94;21;aus2;pahr⸗ẜchautiß;unsafe;l;;13;29421aus2pahr⸗ẜchautiß;221pahr⸗ẜchautiß;x;x;ßituahcẜ⸗rhap
3;156;30;aus2;kļuiß;unsafe;l;kļūt;5;315630aus2kļuiß;330kļuiß;x;x;ßiuļk
3;69;16;aus1;kļuiß;unsafe;l;kļūt;5;36916aus1kļuiß;316kļuiß;x;x;ßiuļk
3;68;16;aus1;kļuiß;unsafe;l;kļūt;5;36816aus1kļuiß;316kļuiß;x;x;ßiuļk
2;325;8;aus2;dewiß;unsafe;l;;5;23258aus2dewiß;28dewiß;x;x;ßiwed
3;147;7;aus2;no⸗rahwiß;unsafe;l;;9;31477aus2no⸗rahwiß;37no⸗rahwiß;x;x;ßiwhar⸗on
2;339;28;aus2;dehwiß;unsafe;l;;6;233928aus2dehwiß;228dehwiß;x;x;ßiwhed
2;383;24;aus2;dehwiß;unsafe;l;;6;238324aus2dehwiß;224dehwiß;x;x;ßiwhed
2;385;6;aus2;dehwiß;unsafe;l;;6;23856aus2dehwiß;26dehwiß;x;x;ßiwhed
2;132;6;aus2;pee⸗dehwiß;unsafe;l;;10;21326aus2pee⸗dehwiß;26pee⸗dehwiß;x;x;ßiwhed⸗eep
3;134;29;aus2;nahʒiß;unsafe;l;;6;313429aus2nahʒiß;329nahʒiß;x;x;ßiʒhan
2;277;20;aus2;nahʒiß;unsafe;l;;6;227720aus2nahʒiß;220nahʒiß;x;x;ßiʒhan
2;339;20;aus2;nahʒiß;unsafe;l;;6;233920aus2nahʒiß;220nahʒiß;x;x;ßiʒhan
2;351;7;aus2;nahʒiß;unsafe;l;;6;23517aus2nahʒiß;27nahʒiß;x;x;ßiʒhan
2;407;15;aus1;nahʒiß;unsafe;l;;6;240715aus1nahʒiß;215nahʒiß;x;x;ßiʒhan
3;174;14;aus2;attlehʒiß;unsafe;l;;9;317414aus2attlehʒiß;314attlehʒiß;x;x;ßiʒheltta
1;104;12;aus2;palliʒiß;unsafe;l;;8;110412aus2palliʒiß;112palliʒiß;x;x;ßiʒillap
2;346;16;peri;apwillʒiß;unsafe;l;;9;234616periapwillʒiß;216apwillʒiß;x;x;ßiʒlliwpa
3;212;5;aus2;nopirrʒiß;unsafe;l;;9;32125aus2nopirrʒiß;35nopirrʒiß;x;x;ßiʒrripon
2;248;20;aus2;attpirrʒiß;unsafe;l;;10;224820aus2attpirrʒiß;220attpirrʒiß;x;x;ßiʒrriptta
3;151;22;aus2;litʒiß;unsafe;l;;6;315122aus2litʒiß;322litʒiß;x;x;ßiʒtil
3;135;16;aus2;litʒiß;unsafe;l;;6;313516aus2litʒiß;316litʒiß;x;x;ßiʒtil
3;109;31;aus2;litʒiß;unsafe;l;;6;310931aus2litʒiß;331litʒiß;x;x;ßiʒtil
2;282;25;aus2;litʒiß;unsafe;l;;6;228225aus2litʒiß;225litʒiß;x;x;ßiʒtil
2;413;14;aus2;litʒiß;unsafe;l;;6;241314aus2litʒiß;214litʒiß;x;x;ßiʒtil
2;282;16;aus1;peelitʒiß;unsafe;l;;9;228216aus1peelitʒiß;216peelitʒiß;x;x;ßiʒtileep
3;154;16;aus2;notitʒiß;unsafe;l;;8;315416aus2notitʒiß;316notitʒiß;x;x;ßiʒtiton
3;135;12;aus2;notitʒiß;unsafe;l;;8;313512aus2notitʒiß;312notitʒiß;x;x;ßiʒtiton
3;121;10;aus2;notitʒiß;unsafe;l;;8;312110aus2notitʒiß;310notitʒiß;x;x;ßiʒtiton
3;87;18;aus1;notitʒiß;unsafe;l;;8;38718aus1notitʒiß;318notitʒiß;x;x;ßiʒtiton
1;553;23;aus2;notitʒiß;unsafe;l;;8;155323aus2notitʒiß;123notitʒiß;x;x;ßiʒtiton
1;60;13;peri;notitʒiß;unsafe;l;;8;16013perinotitʒiß;113notitʒiß;x;x;ßiʒtiton
2;398;12;aus2;notitʒiß;unsafe;l;;8;239812aus2notitʒiß;212notitʒiß;x;x;ßiʒtiton
2;329;6;aus2;ẜautʒiß;unsafe;l;;7;23296aus2ẜautʒiß;26ẜautʒiß;x;x;ßiʒtuaẜ
2;52;25;aus2;ẜauʒiß;unsafe;l;;6;25225aus2ẜauʒiß;225ẜauʒiß;x;x;ßiʒuaẜ
2;274;18;aus2;ẜauʒiß;unsafe;l;;6;227418aus2ẜauʒiß;218ẜauʒiß;x;x;ßiʒuaẜ
